1732220605932 0.49391666054725647 0
1732221016112 0.5087500214576721 1
1732221428377 0.5101666450500488 2
1732221836993 0.518583357334137 3
1732222244056 0.5444166660308838 4
1732222654899 0.5552499890327454 5
1732223063964 0.574833333492279 6
1732223471927 0.5822499990463257 7
1732223874179 0.6004166603088379 8
1732224273845 0.6077499985694885 9
1732224673321 0.6068333387374878 10
1732225073573 0.6213333606719971 11
1732225473539 0.628333330154419 12
1732225873506 0.6359999775886536 13
1732226273731 0.6381666660308838 14
1732226673899 0.6395833492279053 15
1732227073909 0.6486666798591614 16
1732227473682 0.6520833373069763 17
1732227875609 0.6621666550636292 18
1732228279697 0.6667500138282776 19
1732228686813 0.6723333597183228 20
1732229093928 0.6767500042915344 21
1732229496619 0.6823333501815796 22
1732229897436 0.6880833506584167 23
1732230297416 0.687333345413208 24
1732230697856 0.7065833210945129 25
1732231098606 0.7016666531562805 26
1732231497752 0.7174166440963745 27
1732231898807 0.722000002861023 28
1732232299002 0.7323333621025085 29
1732232699077 0.7358333468437195 30
1732233099738 0.7455833554267883 31
1732233501230 0.7440833449363708 32
1732233902860 0.7492499947547913 33
1732234304685 0.7563333511352539 34
1732234706005 0.7559166550636292 35
1732235107092 0.7615000009536743 36
1732235508640 0.7662500143051147 37
1732235909348 0.7754999995231628 38
1732236311340 0.781000018119812 39
1732236714018 0.7725833058357239 40
1732237114865 0.7805833220481873 41
1732237515823 0.781499981880188 42
1732237917208 0.7835833430290222 43
1732238316726 0.7825000286102295 44
1732238718117 0.7884166836738586 45
1732239118043 0.7856666445732117 46
1732239518630 0.7827500104904175 47
1732239919547 0.7944166660308838 48
1732240320457 0.7994999885559082 49
1732240721506 0.7924166917800903 50
1732241122818 0.7990000247955322 51
1732241523533 0.7994999885559082 52
1732241923523 0.8044166564941406 53
1732242324645 0.797166645526886 54
1732242725659 0.8007500171661377 55
1732243126787 0.8044999837875366 56
1732243528220 0.8052499890327454 57
1732243929147 0.8104166388511658 58
1732244330686 0.8028333187103271 59
1732244731482 0.8075833320617676 60
1732245131198 0.8139166831970215 61
1732245529315 0.8186666369438171 62
1732245927185 0.8160833120346069 63
1732246326455 0.8137500286102295 64
1732246725485 0.8137500286102295 65
1732247124342 0.8160833120346069 66
1732247523555 0.8230833411216736 67
1732247922602 0.8234999775886536 68
1732248321582 0.8245833516120911 69
1732248720829 0.8160833120346069 70
1732249120293 0.8218333125114441 71
1732249519698 0.8245833516120911 72
1732249916637 0.8237500190734863 73
1732250313409 0.8228333592414856 74
1732250710281 0.8220833539962769 75
1732251107013 0.8262500166893005 76
1732251503842 0.8201666474342346 77
1732251900333 0.8244166374206543 78
1732252296760 0.8257499933242798 79
1732252693414 0.827750027179718 80
1732253089846 0.8395833373069763 81
1732253486331 0.8318333625793457 82
1732253883448 0.8286666870117188 83
1732254280458 0.8268333077430725 84
1732254676959 0.8354166746139526 85
1732255073724 0.8357499837875366 86
1732255470415 0.8351666927337646 87
1732255866932 0.8358333110809326 88
1732256263662 0.8334166407585144 89
1732256660854 0.8362500071525574 90
1732257057170 0.8349166512489319 91
1732257453548 0.8347499966621399 92
1732257850198 0.8390833139419556 93
1732258246553 0.8358333110809326 94
1732258642881 0.8333333134651184 95
1732259039563 0.843416690826416 96
1732259435841 0.8362500071525574 97
1732259832095 0.8415833115577698 98
1732260228700 0.8460833430290222 99
1732260625215 0.8458333611488342 100
1732261021626 0.8446666598320007 101
1732261418114 0.8397499918937683 102
1732261814679 0.843666672706604 103
1732262211101 0.8428333401679993 104
1732262607511 0.8510000109672546 105
1732263004233 0.846750020980835 106
1732263400731 0.8445833325386047 107
1732263797141 0.8443333506584167 108
1732264193880 0.8444166779518127 109
1732264590329 0.8456666469573975 110
1732264986621 0.8486666679382324 111
1732265383243 0.8505833148956299 112
1732265779797 0.8486666679382324 113
1732266176184 0.8505833148956299 114
1732266572767 0.8499166369438171 115
1732266970079 0.847000002861023 116
1732267366483 0.8526666760444641 117
1732267762820 0.8493333458900452 118
1732268159467 0.8572499752044678 119
1732268556037 0.8514166474342346 120
1732268952338 0.8529166579246521 121
1732269348778 0.8526666760444641 122
1732269745208 0.8528333306312561 123
1732270141535 0.8578333258628845 124
1732270537952 0.856166660785675 125
1732270934625 0.8512499928474426 126
1732271331101 0.8526666760444641 127
1732271727418 0.8585833311080933 128
1732272124033 0.8540833592414856 129
1732272520597 0.856166660785675 130
1732272917041 0.8517500162124634 131
1732273313684 0.8539166450500488 132
1732273710052 0.8525833487510681 133
1732274106262 0.8585000038146973 134
1732274502810 0.8538333177566528 135
1732274899335 0.8505833148956299 136
1732275295712 0.8541666865348816 137
1732275692001 0.856416642665863 138
1732276088599 0.859083354473114 139
1732276485297 0.8629166483879089 140
1732276881592 0.862583339214325 141
1732277278187 0.859250009059906 142
1732277674730 0.8578333258628845 143
1732278071149 0.8615000247955322 144
1732278467864 0.8559166789054871 145
1732278864321 0.8572499752044678 146
1732279260827 0.8602499961853027 147
1732279657476 0.8644166588783264 148
1732280054070 0.8548333048820496 149
1732280450524 0.8566666841506958 150
1732280847211 0.8608333468437195 151
1732281244131 0.8602499961853027 152
1732281643149 0.8568333387374878 153
1732282045346 0.8620833158493042 154
1732282450530 0.8632500171661377 155
1732282855605 0.862416684627533 156
1732283258037 0.8635833263397217 157
1732283661093 0.8636666536331177 158
1732284064230 0.859666645526886 159
1732284467670 0.8656666874885559 160
1732284871497 0.862500011920929 161
1732285274736 0.8675833344459534 162
1732285678277 0.8687499761581421 163
1732286081989 0.8683333396911621 164
1732286485696 0.8684999942779541 165
1732286889383 0.8616666793823242 166
1732287292998 0.8742499947547913 167
1732287696697 0.8600833415985107 168
1732288100349 0.8635833263397217 169
1732288504309 0.8715833425521851 170
1732288907927 0.8699166774749756 171
1732289311812 0.8703333139419556 172
1732289715130 0.8736666440963745 173
1732290119403 0.8710833191871643 174
1732290523335 0.8684166669845581 175
1732290926625 0.8668333292007446 176
1732291329303 0.8737499713897705 177
1732291732734 0.8662499785423279 178
1732292136812 0.8727499842643738 179
1732292540318 0.8682500123977661 180
1732292942917 0.8637499809265137 181
1732293345804 0.8667500019073486 182
1732293748268 0.8646666407585144 183
1732294150011 0.871666669845581 184
1732294551738 0.8684166669845581 185
1732294955203 0.8619999885559082 186
1732295358262 0.8695833086967468 187
1732295759619 0.8695833086967468 188
1732296161083 0.8738333582878113 189
1732296561582 0.8707500100135803 190
1732296961517 0.8724166750907898 191
1732297362507 0.8658333420753479 192
1732297763218 0.8697500228881836 193
1732298164425 0.8679166436195374 194
1732298565632 0.8770833611488342 195
1732298967156 0.8731666803359985 196
1732299368312 0.8731666803359985 197
1732299769712 0.8775833249092102 198
1732300171120 0.8728333115577698 199
1732300573061 0.871999979019165 200
1732300974888 0.8737499713897705 201
1732301376186 0.8734999895095825 202
1732301777471 0.8740000128746033 203
1732302178217 0.8731666803359985 204
1732302579007 0.8791666626930237 205
1732302980164 0.8763333559036255 206
1732303381907 0.8729166388511658 207
1732303783047 0.8728333115577698 208
1732304184388 0.8733333349227905 209
1732304585428 0.8708333373069763 210
1732304987013 0.8769999742507935 211
1732305388270 0.8800833225250244 212
1732305789199 0.8758333325386047 213
1732306189730 0.8730000257492065 214
1732306590458 0.8804166913032532 215
1732306990209 0.8810833096504211 216
