1732220605932 1.0371874570846558 0
1732221016112 0.9805861115455627 1
1732221428377 0.9549803733825684 2
1732221836993 0.9263318777084351 3
1732222244056 0.9038068056106567 4
1732222654899 0.8843969106674194 5
1732223063964 0.8624849319458008 6
1732223471927 0.846918523311615 7
1732223874179 0.8251799941062927 8
1732224273845 0.8066483736038208 9
1732224673321 0.788229763507843 10
1732225073573 0.7747787237167358 11
1732225473539 0.7539736032485962 12
1732225873506 0.7433405518531799 13
1732226273731 0.7306583523750305 14
1732226673899 0.7195571064949036 15
1732227073909 0.701697587966919 16
1732227473682 0.6941461563110352 17
1732227875609 0.6772087812423706 18
1732228279697 0.6734632253646851 19
1732228686813 0.6604084968566895 20
1732229093928 0.6467467546463013 21
1732229496619 0.6373305916786194 22
1732229897436 0.6265517473220825 23
1732230297416 0.6278175115585327 24
1732230697856 0.611081063747406 25
1732231098606 0.6067582368850708 26
1732231497752 0.5870550274848938 27
1732231898807 0.5764588117599487 28
1732232299002 0.5678442120552063 29
1732232699077 0.5588573813438416 30
1732233099738 0.5482290983200073 31
1732233501230 0.5468769669532776 32
1732233902860 0.5469421148300171 33
1732234304685 0.5322974324226379 34
1732234706005 0.529764711856842 35
1732235107092 0.5188048481941223 36
1732235508640 0.5230453014373779 37
1732235909348 0.5038796663284302 38
1732236311340 0.4988417625427246 39
1732236714018 0.5006460547447205 40
1732237114865 0.49315422773361206 41
1732237515823 0.48558878898620605 42
1732237917208 0.4821740686893463 43
1732238316726 0.4892437756061554 44
1732238718117 0.4802643656730652 45
1732239118043 0.48475292325019836 46
1732239518630 0.4888888895511627 47
1732239919547 0.4675125181674957 48
1732240320457 0.47100192308425903 49
1732240721506 0.47255659103393555 50
1732241122818 0.46615487337112427 51
1732241523533 0.458546906709671 52
1732241923523 0.4556639492511749 53
1732242324645 0.4635275602340698 54
1732242725659 0.45497679710388184 55
1732243126787 0.45989635586738586 56
1732243528220 0.45331624150276184 57
1732243929147 0.4468786120414734 58
1732244330686 0.46080338954925537 59
1732244731482 0.4571895897388458 60
1732245131198 0.4438658356666565 61
1732245529315 0.4444194436073303 62
1732245927185 0.4425320327281952 63
1732246326455 0.4453352987766266 64
1732246725485 0.4481922686100006 65
1732247124342 0.4406530261039734 66
1732247523555 0.43093177676200867 67
1732247922602 0.43679386377334595 68
1732248321582 0.4280814528465271 69
1732248720829 0.4416254460811615 70
1732249120293 0.43502911925315857 71
1732249519698 0.4337494969367981 72
1732249916637 0.43655675649642944 73
1732250313409 0.43541648983955383 74
1732250710281 0.4344169497489929 75
1732251107013 0.42728978395462036 76
1732251503842 0.4426354467868805 77
1732251900333 0.4335859715938568 78
1732252296760 0.43460413813591003 79
1732252693414 0.4249947965145111 80
1732253089846 0.42364606261253357 81
1732253486331 0.4286714196205139 82
1732253883448 0.4274866580963135 83
1732254280458 0.439361572265625 84
1732254676959 0.4235307276248932 85
1732255073724 0.4192889332771301 86
1732255470415 0.4226917624473572 87
1732255866932 0.42126578092575073 88
1732256263662 0.4299563467502594 89
1732256660854 0.4218243956565857 90
1732257057170 0.41957446932792664 91
1732257453548 0.4236450493335724 92
1732257850198 0.42555126547813416 93
1732258246553 0.4243275225162506 94
1732258642881 0.4265940487384796 95
1732259039563 0.42149117588996887 96
1732259435841 0.4327608346939087 97
1732259832095 0.4187070429325104 98
1732260228700 0.4202014207839966 99
1732260625215 0.4131510853767395 100
1732261021626 0.4233725070953369 101
1732261418114 0.42348262667655945 102
1732261814679 0.4185807704925537 103
1732262211101 0.411843866109848 104
1732262607511 0.407437264919281 105
1732263004233 0.4123791456222534 106
1732263400731 0.4108606278896332 107
1732263797141 0.4146033227443695 108
1732264193880 0.4167235791683197 109
1732264590329 0.4168132245540619 110
1732264986621 0.4102368950843811 111
1732265383243 0.40529897809028625 112
1732265779797 0.41718629002571106 113
1732266176184 0.40827086567878723 114
1732266572767 0.4117417335510254 115
1732266970079 0.41291674971580505 116
1732267366483 0.40715962648391724 117
1732267762820 0.4147120416164398 118
1732268159467 0.40355175733566284 119
1732268556037 0.4172641634941101 120
1732268952338 0.4102804362773895 121
1732269348778 0.4144546687602997 122
1732269745208 0.41340795159339905 123
1732270141535 0.3997962772846222 124
1732270537952 0.40446731448173523 125
1732270934625 0.40929052233695984 126
1732271331101 0.4078011214733124 127
1732271727418 0.4002840518951416 128
1732272124033 0.4138326346874237 129
1732272520597 0.40838468074798584 130
1732272917041 0.41613927483558655 131
1732273313684 0.4066201150417328 132
1732273710052 0.4143035113811493 133
1732274106262 0.40201783180236816 134
1732274502810 0.40982121229171753 135
1732274899335 0.41612598299980164 136
1732275295712 0.41751596331596375 137
1732275692001 0.4042961299419403 138
1732276088599 0.4020101726055145 139
1732276485297 0.3996565341949463 140
1732276881592 0.4015597999095917 141
1732277278187 0.4075087010860443 142
1732277674730 0.41108545660972595 143
1732278071149 0.4077453315258026 144
1732278467864 0.40232282876968384 145
1732278864321 0.40789395570755005 146
1732279260827 0.40419742465019226 147
1732279657476 0.39839285612106323 148
1732280054070 0.4128621518611908 149
1732280450524 0.4106053411960602 150
1732280847211 0.4022371768951416 151
1732281244131 0.39913660287857056 152
1732281643149 0.41270002722740173 153
1732282045346 0.40445879101753235 154
1732282450530 0.3986757695674896 155
1732282855605 0.4024735391139984 156
1732283258037 0.4022625684738159 157
1732283661093 0.4009472131729126 158
1732284064230 0.40451738238334656 159
1732284467670 0.403935045003891 160
1732284871497 0.39904430508613586 161
1732285274736 0.3961603045463562 162
1732285678277 0.40006932616233826 163
1732286081989 0.39788028597831726 164
1732286485696 0.39899158477783203 165
1732286889383 0.4010891616344452 166
1732287292998 0.3905259668827057 167
1732287696697 0.4119190573692322 168
1732288100349 0.39962825179100037 169
1732288504309 0.39681726694107056 170
1732288907927 0.3937278985977173 171
1732289311812 0.3928700089454651 172
1732289715130 0.38803476095199585 173
1732290119403 0.39827287197113037 174
1732290523335 0.3925386071205139 175
1732290926625 0.39904919266700745 176
1732291329303 0.39144444465637207 177
1732291732734 0.39961177110671997 178
1732292136812 0.3900749385356903 179
1732292540318 0.39550817012786865 180
1732292942917 0.403108686208725 181
1732293345804 0.4032723009586334 182
1732293748268 0.3955346643924713 183
1732294150011 0.39585888385772705 184
1732294551738 0.3960801064968109 185
1732294955203 0.4127005338668823 186
1732295358262 0.4029698371887207 187
1732295759619 0.4013100862503052 188
1732296161083 0.3940586447715759 189
1732296561582 0.39195361733436584 190
1732296961517 0.3929689824581146 191
1732297362507 0.4039764404296875 192
1732297763218 0.3884584903717041 193
1732298164425 0.39896252751350403 194
1732298565632 0.38909581303596497 195
1732298967156 0.39406120777130127 196
1732299368312 0.39079588651657104 197
1732299769712 0.3926249146461487 198
1732300171120 0.3929554522037506 199
1732300573061 0.39057719707489014 200
1732300974888 0.3869478702545166 201
1732301376186 0.3898770809173584 202
1732301777471 0.3946552872657776 203
1732302178217 0.3898110091686249 204
1732302579007 0.3837319016456604 205
1732302980164 0.3902758061885834 206
1732303381907 0.3906174600124359 207
1732303783047 0.39808520674705505 208
1732304184388 0.38782811164855957 209
1732304585428 0.39896467328071594 210
1732304987013 0.3818196952342987 211
1732305388270 0.3852178156375885 212
1732305789199 0.39710354804992676 213
1732306189730 0.39981916546821594 214
1732306590458 0.3795667290687561 215
1732306990209 0.3809872269630432 216
