1732023425580 0.500083327293396 0
1732023764729 0.5 1
1732024108640 0.5 2
1732024446970 0.5 3
1732024784399 0.5 4
1732025121202 0.5 5
1732025457356 0.5 6
1732025795250 0.5 7
1732026133920 0.5 8
1732026470999 0.5 9
1732026805872 0.5 10
1732027141677 0.5 11
1732027480705 0.5 12
1732027819605 0.5 13
1732028155573 0.5 14
1732028491084 0.5 15
1732028827117 0.5 16
1732029162442 0.5 17
1732029498600 0.5 18
1732029834476 0.5 19
1732030170709 0.5 20
1732030506624 0.5 21
1732030842096 0.5 22
1732031178051 0.5 23
1732031513816 0.5 24
1732031848803 0.5 25
1732032184600 0.5 26
1732032521531 0.5 27
1732032856241 0.5 28
1732033192143 0.5 29
1732033528155 0.5 30
1732033864180 0.5 31
1732034200592 0.5 32
1732034536583 0.5 33
1732034873779 0.5 34
1732035209291 0.5 35
1732035544955 0.5 36
1732035879547 0.5 37
1732036215940 0.5 38
1732036552636 0.5 39
1732036890049 0.5 40
1732037226946 0.5 41
1732037565213 0.5 42
1732037902463 0.5 43
1732038238168 0.5 44
1732038574442 0.5 45
1732038910280 0.5 46
1732039246873 0.5 47
1732039581603 0.5 48
1732039917857 0.5 49
1732040253591 0.5 50
1732040589139 0.5 51
1732040925361 0.5 52
1732041261548 0.5 53
1732041595948 0.5 54
1732041932545 0.5 55
1732042267723 0.5 56
1732042604351 0.5 57
1732042940474 0.5 58
1732043277165 0.5 59
1732043611286 0.5 60
1732043947150 0.5 61
1732044283939 0.5 62
1732044620114 0.5 63
1732044954969 0.5 64
1732045290131 0.5 65
1732045627858 0.5 66
1732045962937 0.5 67
1732046298788 0.5 68
1732046634433 0.5 69
1732046970520 0.5 70
1732047306308 0.5 71
1732047642859 0.5 72
1732047978352 0.5 73
1732048314917 0.5 74
1732048650894 0.5 75
1732048986955 0.5 76
1732049323544 0.5 77
1732049659086 0.5 78
1732049995112 0.5 79
1732050332401 0.5 80
1732050667373 0.5 81
1732051003373 0.5 82
1732051339736 0.5 83
1732051675995 0.5 84
1732052011218 0.5 85
1732052348042 0.5 86
1732052683807 0.5 87
