1733944835196 0.49950000643730164 0
1733945007038 0.4895833432674408 1
1733945178496 0.4970000088214874 2
1733945345973 0.4958333373069763 3
1733945512428 0.4989166557788849 4
1733945679128 0.5027499794960022 5
1733945846024 0.5056666731834412 6
1733946017574 0.5117499828338623 7
1733946189928 0.5137500166893005 8
1733946362396 0.515583336353302 9
1733946534744 0.5245833396911621 10
1733946704967 0.5336666703224182 11
1733946877275 0.5424166917800903 12
1733947049488 0.5369166731834412 13
1733947221365 0.5456666946411133 14
1733947392059 0.5568333268165588 15
1733947564098 0.5522500276565552 16
1733947735664 0.5550000071525574 17
1733947907160 0.5659999847412109 18
1733948078467 0.5649999976158142 19
1733948250451 0.562333345413208 20
1733948422507 0.5717499852180481 21
1733948594103 0.5745833516120911 22
1733948765981 0.5760833621025085 23
1733948937558 0.5776666402816772 24
1733949109976 0.5809166431427002 25
1733949282352 0.5822499990463257 26
1733949454551 0.5856666564941406 27
1733949626736 0.5889166593551636 28
1733949798854 0.5868333578109741 29
1733949970927 0.5909166932106018 30
1733950143262 0.5889999866485596 31
1733950315931 0.5916666388511658 32
1733950488108 0.5917500257492065 33
1733950660011 0.606083333492279 34
1733950831829 0.593916654586792 35
1733951004063 0.5965833067893982 36
1733951175987 0.5918333530426025 37
1733951347690 0.6039166450500488 38
1733951519360 0.5910833477973938 39
1733951690900 0.6039166450500488 40
1733951863047 0.6037499904632568 41
1733952034557 0.6019999980926514 42
1733952202973 0.6045833230018616 43
1733952369648 0.6060000061988831 44
1733952536242 0.6088333129882812 45
1733952704671 0.6119999885559082 46
1733952875987 0.6134999990463257 47
1733953047937 0.6119999885559082 48
1733953219732 0.6089166402816772 49
1733953391139 0.6105833053588867 50
1733953562407 0.6224166750907898 51
1733953733704 0.6138333082199097 52
1733953905061 0.6122499704360962 53
1733954076190 0.6211666464805603 54
1733954247924 0.6229166388511658 55
1733954418932 0.6197500228881836 56
1733954589850 0.6194166541099548 57
1733954760713 0.6240833401679993 58
1733954931930 0.6213333606719971 59
1733955099774 0.6278333067893982 60
1733955265925 0.6255833506584167 61
1733955432400 0.6266666650772095 62
1733955599464 0.6332499980926514 63
1733955765672 0.6302499771118164 64
1733955931873 0.6239166855812073 65
1733956098117 0.6290000081062317 66
1733956264016 0.6321666836738586 67
1733956430791 0.6292499899864197 68
1733956598039 0.628166675567627 69
1733956765409 0.6359999775886536 70
1733956932803 0.6336666941642761 71
1733957099772 0.6389166712760925 72
1733957266975 0.6370000243186951 73
1733957434138 0.637333333492279 74
1733957601013 0.6386666893959045 75
1733957768199 0.6368333101272583 76
1733957935662 0.6472499966621399 77
1733958103066 0.6398333311080933 78
1733958270151 0.6429166793823242 79
1733958437410 0.6384999752044678 80
1733958604596 0.6485000252723694 81
1733958771481 0.6445833444595337 82
1733958938526 0.6470000147819519 83
1733959105818 0.6491666436195374 84
1733959272954 0.6493333578109741 85
1733959439999 0.6527500152587891 86
1733959607485 0.6520833373069763 87
1733959774710 0.6556666493415833 88
1733959941862 0.6504166722297668 89
1733960109141 0.6525833606719971 90
1733960277220 0.656083345413208 91
1733960444405 0.6519166827201843 92
1733960611624 0.6552500128746033 93
1733960778893 0.6618333458900452 94
1733960946189 0.6629166603088379 95
1733961113397 0.6590833067893982 96
1733961280559 0.6629166603088379 97
1733961447968 0.6586666703224182 98
1733961614969 0.6558333039283752 99
1733961782054 0.6606666445732117 100
1733961949122 0.6600833535194397 101
1733962116241 0.6694999933242798 102
1733962283459 0.6601666808128357 103
1733962450437 0.6693333387374878 104
1733962617655 0.6636666655540466 105
1733962784713 0.6710000038146973 106
1733962951580 0.6663333177566528 107
1733963118960 0.6651666760444641 108
1733963285962 0.6696666479110718 109
1733963453023 0.6678333282470703 110
1733963619752 0.672249972820282 111
1733963786804 0.6775000095367432 112
1733963953773 0.6733333468437195 113
1733964120615 0.6771666407585144 114
1733964287935 0.6796666383743286 115
1733964455037 0.6759166717529297 116
1733964622116 0.6771666407585144 117
1733964788958 0.6768333315849304 118
1733964956228 0.6825833320617676 119
1733965123357 0.6837499737739563 120
1733965290232 0.6838333606719971 121
1733965457200 0.6813333630561829 122
1733965624285 0.6779166460037231 123
1733965791732 0.6794999837875366 124
1733965958567 0.6757500171661377 125
1733966125625 0.6840000152587891 126
1733966292744 0.6889166831970215 127
1733966459606 0.6869999766349792 128
1733966626674 0.6848333477973938 129
1733966793682 0.6919166445732117 130
1733966960734 0.6837499737739563 131
1733967127903 0.6886666417121887 132
1733967295239 0.6916666626930237 133
1733967462358 0.6942499876022339 134
1733967629126 0.6884999871253967 135
1733967796479 0.690833330154419 136
1733967963630 0.6954166889190674 137
1733968130682 0.7024999856948853 138
1733968297750 0.6983333230018616 139
1733968465253 0.7070833444595337 140
1733968632215 0.7025833129882812 141
1733968799808 0.703499972820282 142
1733968967546 0.7024166584014893 143
1733969134647 0.6986666917800903 144
1733969301682 0.7043333053588867 145
1733969468617 0.7054166793823242 146
1733969635752 0.703416645526886 147
1733969802930 0.6995000243186951 148
1733969969831 0.6928333044052124 149
1733970137174 0.7041666507720947 150
1733970304393 0.7099166512489319 151
1733970471377 0.7162500023841858 152
1733970638556 0.7072499990463257 153
1733970806092 0.7016666531562805 154
1733970973334 0.7139999866485596 155
1733971140580 0.7192500233650208 156
1733971307939 0.7165833115577698 157
1733971474891 0.7161666750907898 158
1733971642121 0.7106666564941406 159
1733971809067 0.7147499918937683 160
1733971976193 0.7162500023841858 161
1733972143162 0.7151666879653931 162
1733972310081 0.7109166383743286 163
1733972477284 0.715499997138977 164
1733972644326 0.7122499942779541 165
1733972811429 0.7161666750907898 166
1733972978297 0.7135833501815796 167
1733973145611 0.7174999713897705 168
1733973312620 0.7275833487510681 169
1733973479632 0.7335833311080933 170
1733973646691 0.7198333144187927 171
1733973813793 0.718583345413208 172
1733973980745 0.7287499904632568 173
1733974147446 0.7260000109672546 174
1733974314641 0.7268333435058594 175
1733974481566 0.7227500081062317 176
1733974648434 0.7325833439826965 177
1733974815647 0.7284166812896729 178
1733974982773 0.7259166836738586 179
1733975149791 0.7319999933242798 180
1733975317020 0.7355833053588867 181
1733975484691 0.7317500114440918 182
1733975651582 0.731083333492279 183
1733975818426 0.7329166531562805 184
1733975985200 0.7387499809265137 185
1733976152028 0.7368333339691162 186
1733976318668 0.7388333082199097 187
1733976485168 0.7385833263397217 188
1733976651868 0.7358333468437195 189
1733976818251 0.7428333163261414 190
1733976984952 0.7338333129882812 191
1733977151418 0.7411666512489319 192
1733977318162 0.7434166669845581 193
1733977484912 0.7483333349227905 194
1733977651402 0.7433333396911621 195
1733977818203 0.7482500076293945 196
1733977984819 0.7453333139419556 197
1733978151469 0.7427499890327454 198
1733978318086 0.7494999766349792 199
1733978484846 0.7396666407585144 200
1733978651252 0.7414166927337646 201
1733978817618 0.7486666440963745 202
1733978984312 0.746999979019165 203
1733979151102 0.7475000023841858 204
1733979317762 0.7548333406448364 205
1733979484620 0.750333309173584 206
1733979651788 0.7511666417121887 207
1733979818517 0.7537500262260437 208
1733979985285 0.7511666417121887 209
1733980152278 0.7552499771118164 210
1733980319030 0.7515833377838135 211
1733980485791 0.7528333067893982 212
1733980652309 0.7570000290870667 213
1733980819194 0.7512500286102295 214
1733980990295 0.7545833587646484 215
1733981161353 0.7635833621025085 216
1733981332661 0.7611666917800903 217
1733981504227 0.7644166946411133 218
1733981675678 0.7643333077430725 219
1733981847737 0.749750018119812 220
1733982018829 0.7592499852180481 221
1733982190533 0.7684999704360962 222
1733982362239 0.768750011920929 223
