1733944835196 0.7303674221038818 0
1733945007038 0.717393159866333 1
1733945178496 0.7159020900726318 2
1733945345973 0.7149544954299927 3
1733945512428 0.7142983675003052 4
1733945679128 0.712968647480011 5
1733945846024 0.7117980718612671 6
1733946017574 0.7094795107841492 7
1733946189928 0.7098101377487183 8
1733946362396 0.7083824872970581 9
1733946534744 0.7053819894790649 10
1733946704967 0.7032687067985535 11
1733946877275 0.7013050317764282 12
1733947049488 0.7007191777229309 13
1733947221365 0.6983981728553772 14
1733947392059 0.6949635148048401 15
1733947564098 0.6950637102127075 16
1733947735664 0.6916367411613464 17
1733947907160 0.6887931227684021 18
1733948078467 0.6879043579101562 19
1733948250451 0.6870792508125305 20
1733948422507 0.6815290451049805 21
1733948594103 0.681958019733429 22
1733948765981 0.6787861585617065 23
1733948937558 0.6767249703407288 24
1733949109976 0.6747341156005859 25
1733949282352 0.6725126504898071 26
1733949454551 0.6696044206619263 27
1733949626736 0.6699548959732056 28
1733949798854 0.6660776138305664 29
1733949970927 0.6648756265640259 30
1733950143262 0.6660342216491699 31
1733950315931 0.6630457639694214 32
1733950488108 0.6623257398605347 33
1733950660011 0.6523449420928955 34
1733950831829 0.6558898687362671 35
1733951004063 0.6542062759399414 36
1733951175987 0.6535804271697998 37
1733951347690 0.6496790051460266 38
1733951519360 0.653063952922821 39
1733951690900 0.6492407321929932 40
1733951863047 0.6439936757087708 41
1733952034557 0.6463436484336853 42
1733952202973 0.6429814100265503 43
1733952369648 0.6418566703796387 44
1733952536242 0.6368424296379089 45
1733952704671 0.6358134150505066 46
1733952875987 0.6373202204704285 47
1733953047937 0.6359294652938843 48
1733953219732 0.6366198062896729 49
1733953391139 0.6328259706497192 50
1733953562407 0.6287031173706055 51
1733953733704 0.6316658854484558 52
1733953905061 0.6286545991897583 53
1733954076190 0.6296471357345581 54
1733954247924 0.6202163100242615 55
1733954418932 0.6224007606506348 56
1733954589850 0.6308201551437378 57
1733954760713 0.6213528513908386 58
1733954931930 0.6210764646530151 59
1733955099774 0.6237896084785461 60
1733955265925 0.6230718493461609 61
1733955432400 0.6205480694770813 62
1733955599464 0.6146196722984314 63
1733955765672 0.6154108643531799 64
1733955931873 0.6176185011863708 65
1733956098117 0.6181025505065918 66
1733956264016 0.6158361434936523 67
1733956430791 0.6141596436500549 68
1733956598039 0.6121262907981873 69
1733956765409 0.6118236184120178 70
1733956932803 0.6123166680335999 71
1733957099772 0.6070606708526611 72
1733957266975 0.610444962978363 73
1733957434138 0.6074025630950928 74
1733957601013 0.6063228845596313 75
1733957768199 0.6105921268463135 76
1733957935662 0.602243959903717 77
1733958103066 0.6056205630302429 78
1733958270151 0.6022869348526001 79
1733958437410 0.6119204163551331 80
1733958604596 0.5987337827682495 81
1733958771481 0.600995659828186 82
1733958938526 0.6001213192939758 83
1733959105818 0.5971726775169373 84
1733959272954 0.6010382771492004 85
1733959439999 0.5955733060836792 86
1733959607485 0.5964957475662231 87
1733959774710 0.5966174602508545 88
1733959941862 0.5983123183250427 89
1733960109141 0.596453845500946 90
1733960277220 0.5920566320419312 91
1733960444405 0.5979136824607849 92
1733960611624 0.5941048860549927 93
1733960778893 0.5898006558418274 94
1733960946189 0.5891696810722351 95
1733961113397 0.5945730209350586 96
1733961280559 0.5871323943138123 97
1733961447968 0.5855387449264526 98
1733961614969 0.5891406536102295 99
1733961782054 0.583617091178894 100
1733961949122 0.5900217890739441 101
1733962116241 0.5847190618515015 102
1733962283459 0.5878703594207764 103
1733962450437 0.5822341442108154 104
1733962617655 0.585393488407135 105
1733962784713 0.5812345147132874 106
1733962951580 0.5800362229347229 107
1733963118960 0.5807251334190369 108
1733963285962 0.5827520489692688 109
1733963453023 0.5802566409111023 110
1733963619752 0.5743192434310913 111
1733963786804 0.5752868056297302 112
1733963953773 0.5763710737228394 113
1733964120615 0.5770567655563354 114
1733964287935 0.5702029466629028 115
1733964455037 0.5776423811912537 116
1733964622116 0.5708417296409607 117
1733964788958 0.5741199254989624 118
1733964956228 0.5700198411941528 119
1733965123357 0.5741511583328247 120
1733965290232 0.5676814317703247 121
1733965457200 0.5718019604682922 122
1733965624285 0.5706731081008911 123
1733965791732 0.5700480937957764 124
1733965958567 0.5656764507293701 125
1733966125625 0.5615819692611694 126
1733966292744 0.5642663836479187 127
1733966459606 0.5648789405822754 128
1733966626674 0.5660741925239563 129
1733966793682 0.5580347776412964 130
1733966960734 0.5632609128952026 131
1733967127903 0.5594839453697205 132
1733967295239 0.555881917476654 133
1733967462358 0.5565183758735657 134
1733967629126 0.5587260127067566 135
1733967796479 0.5542293190956116 136
1733967963630 0.5562675595283508 137
1733968130682 0.5528330206871033 138
1733968297750 0.563052773475647 139
1733968465253 0.5517383813858032 140
1733968632215 0.5480764508247375 141
1733968799808 0.5495687127113342 142
1733968967546 0.5490452647209167 143
1733969134647 0.5513978004455566 144
1733969301682 0.5451304912567139 145
1733969468617 0.5449702143669128 146
1733969635752 0.5494511723518372 147
1733969802930 0.5538709163665771 148
1733969969831 0.5534753203392029 149
1733970137174 0.5490036010742188 150
1733970304393 0.5427212119102478 151
1733970471377 0.5431581139564514 152
1733970638556 0.5420944094657898 153
1733970806092 0.5439549088478088 154
1733970973334 0.5409524440765381 155
1733971140580 0.5366150736808777 156
1733971307939 0.5399839282035828 157
1733971474891 0.5368798971176147 158
1733971642121 0.5399947762489319 159
1733971809067 0.5392076969146729 160
1733971976193 0.5375931262969971 161
1733972143162 0.5322468876838684 162
1733972310081 0.546115517616272 163
1733972477284 0.5327813029289246 164
1733972644326 0.5399083495140076 165
1733972811429 0.5387774705886841 166
1733972978297 0.5364394187927246 167
1733973145611 0.5336204171180725 168
1733973312620 0.5319143533706665 169
1733973479632 0.5206737518310547 170
1733973646691 0.5334481596946716 171
1733973813793 0.5344762206077576 172
1733973980745 0.5308153033256531 173
1733974147446 0.5324528217315674 174
1733974314641 0.5337390899658203 175
1733974481566 0.5308735966682434 176
1733974648434 0.5251107811927795 177
1733974815647 0.5228548645973206 178
1733974982773 0.5258280038833618 179
1733975149791 0.5280163288116455 180
1733975317020 0.5200037956237793 181
1733975484691 0.5236997604370117 182
1733975651582 0.519943356513977 183
1733975818426 0.5130817890167236 184
1733975985200 0.5169446468353271 185
1733976152028 0.5167526602745056 186
1733976318668 0.516067385673523 187
1733976485168 0.5193270444869995 188
1733976651868 0.51491779088974 189
1733976818251 0.5113663673400879 190
1733976984952 0.520746111869812 191
1733977151418 0.5047959089279175 192
1733977318162 0.5081363320350647 193
1733977484912 0.5088742971420288 194
1733977651402 0.5065718293190002 195
1733977818203 0.5074043869972229 196
1733977984819 0.5046202540397644 197
1733978151469 0.5154695510864258 198
1733978318086 0.5031580924987793 199
1733978484846 0.5098444223403931 200
1733978651252 0.5085217952728271 201
1733978817618 0.499765545129776 202
1733978984312 0.5002374649047852 203
1733979151102 0.5059121251106262 204
1733979317762 0.4951462745666504 205
1733979484620 0.4946744740009308 206
1733979651788 0.5043154954910278 207
1733979818517 0.4955114722251892 208
1733979985285 0.49584001302719116 209
1733980152278 0.49878573417663574 210
1733980319030 0.5052506327629089 211
1733980485791 0.4990518391132355 212
1733980652309 0.49194827675819397 213
1733980819194 0.4954906404018402 214
1733980990295 0.4996987581253052 215
1733981161353 0.4886302351951599 216
1733981332661 0.49117371439933777 217
1733981504227 0.48908108472824097 218
1733981675678 0.4885641634464264 219
1733981847737 0.4995902180671692 220
1733982018829 0.49892377853393555 221
1733982190533 0.48636123538017273 222
1733982362239 0.48331379890441895 223
