1734060443123 0.4975833296775818 0
1734060811221 0.5026666522026062 1
1734061178955 0.5078333616256714 2
1734061553420 0.49908334016799927 3
1734061925550 0.5104166865348816 4
1734062295210 0.5170833468437195 5
1734062664084 0.5172500014305115 6
1734063032615 0.5165833234786987 7
1734063402897 0.5232499837875366 8
1734063770450 0.5234166383743286 9
1734064138314 0.5268333554267883 10
1734064505921 0.5336666703224182 11
1734064873289 0.5378333330154419 12
1734065240829 0.5329166650772095 13
1734065608515 0.5382500290870667 14
1734065975962 0.5389166474342346 15
1734066343428 0.5409166812896729 16
1734066710810 0.5450833439826965 17
1734067075980 0.5454999804496765 18
1734067442119 0.5477499961853027 19
1734067806562 0.5456666946411133 20
1734068170747 0.5454999804496765 21
1734068534694 0.5463333129882812 22
1734068898686 0.5485833287239075 23
1734069262369 0.5587499737739563 24
1734069626099 0.5600000023841858 25
1734069990015 0.5587499737739563 26
1734070353742 0.5689166784286499 27
1734070717554 0.5677499771118164 28
1734071081988 0.5705833435058594 29
1734071446035 0.5709999799728394 30
1734071809678 0.578499972820282 31
1734072174089 0.5735833048820496 32
1734072538162 0.5879166722297668 33
1734072901872 0.593583345413208 34
1734073265924 0.593833327293396 35
1734073630092 0.6004166603088379 36
1734073993883 0.6083333492279053 37
1734074357836 0.6018333435058594 38
1734074721857 0.6122499704360962 39
1734075085723 0.6169999837875366 40
1734075449514 0.6127499938011169 41
1734075813380 0.6226666569709778 42
1734076177225 0.6154999732971191 43
1734076541279 0.6187499761581421 44
1734076905125 0.6305833458900452 45
1734077269327 0.6265000104904175 46
1734077633166 0.6304166913032532 47
1734077996663 0.6343333125114441 48
1734078360695 0.6380833387374878 49
1734078724558 0.6358333230018616 50
1734079088664 0.637416660785675 51
1734079452484 0.6424166560173035 52
1734079816141 0.6397500038146973 53
1734080179431 0.6425833106040955 54
1734080543785 0.643583357334137 55
1734080908017 0.653333306312561 56
1734081271683 0.6538333296775818 57
1734081635462 0.6524999737739563 58
1734081999635 0.6553333401679993 59
1734082363339 0.6549999713897705 60
1734082727053 0.6611666679382324 61
1734083090856 0.6589999794960022 62
1734083454324 0.6679166555404663 63
1734083817932 0.6652500033378601 64
1734084181985 0.6711666584014893 65
1734084545836 0.672166645526886 66
1734084909864 0.671916663646698 67
1734085273587 0.671833336353302 68
1734085637755 0.6700000166893005 69
1734086001420 0.6769999861717224 70
1734086365304 0.6817499995231628 71
1734086729255 0.6806666851043701 72
1734087092955 0.6850833296775818 73
1734087456714 0.6830833554267883 74
1734087820520 0.6865000128746033 75
1734088184295 0.687416672706604 76
1734088547799 0.6911666393280029 77
1734088911273 0.6861666440963745 78
1734089274659 0.6953333616256714 79
1734089638105 0.6951666474342346 80
1734090001528 0.7022500038146973 81
1734090365164 0.6943333148956299 82
1734090728743 0.7051666378974915 83
1734091092415 0.6989166736602783 84
1734091456094 0.7011666893959045 85
1734091819404 0.7066666483879089 86
1734092182805 0.7057499885559082 87
1734092546510 0.7014999985694885 88
1734092910043 0.7099999785423279 89
1734093273380 0.7095833420753479 90
1734093636897 0.7054166793823242 91
1734094000651 0.7024999856948853 92
1734094364485 0.715833306312561 93
1734094728105 0.7088333368301392 94
1734095092140 0.7199166417121887 95
1734095456077 0.7136666774749756 96
1734095819626 0.715749979019165 97
1734096183319 0.7169166803359985 98
1734096547129 0.7255833148956299 99
1734096910614 0.7181666493415833 100
1734097275083 0.7267500162124634 101
1734097639220 0.7193333506584167 102
1734098002885 0.7164166569709778 103
1734098366755 0.722000002861023 104
1734098730530 0.7279166579246521 105
1734099094547 0.7233333587646484 106
1734099458516 0.7229999899864197 107
1734099822716 0.7268333435058594 108
1734100186659 0.7304166555404663 109
1734100550384 0.731249988079071 110
1734100914510 0.7323333621025085 111
1734101279303 0.7286666631698608 112
1734101642131 0.7372499704360962 113
1734102004973 0.7331666946411133 114
1734102368018 0.7335000038146973 115
1734102730987 0.7394166588783264 116
1734103096331 0.7377499938011169 117
1734103463842 0.7354999780654907 118
1734103829934 0.7349166870117188 119
1734104195040 0.7390833497047424 120
1734104562547 0.7465000152587891 121
1734104929859 0.7404166460037231 122
1734105297520 0.7411666512489319 123
1734105665044 0.7394166588783264 124
1734106033355 0.7431666851043701 125
