1734060443123 0.7108971476554871 0
1734060811221 0.6970462799072266 1
1734061178955 0.6954042911529541 2
1734061553420 0.6960275173187256 3
1734061925550 0.6949846148490906 4
1734062295210 0.6943138837814331 5
1734062664084 0.6943928003311157 6
1734063032615 0.693810224533081 7
1734063402897 0.6930617094039917 8
1734063770450 0.6918724179267883 9
1734064138314 0.6922348737716675 10
1734064505921 0.6909754276275635 11
1734064873289 0.689635157585144 12
1734065240829 0.6894578337669373 13
1734065608515 0.6886634826660156 14
1734065975962 0.6876528859138489 15
1734066343428 0.6882765889167786 16
1734066710810 0.6872262358665466 17
1734067075980 0.6866114139556885 18
1734067442119 0.6854192018508911 19
1734067806562 0.6852278709411621 20
1734068170747 0.6835022568702698 21
1734068534694 0.6840346455574036 22
1734068898686 0.6832785606384277 23
1734069262369 0.6790483593940735 24
1734069626099 0.677698016166687 25
1734069990015 0.6777539253234863 26
1734070353742 0.6743491888046265 27
1734070717554 0.672104001045227 28
1734071081988 0.6684772968292236 29
1734071446035 0.6647867560386658 30
1734071809678 0.6625421047210693 31
1734072174089 0.6620551347732544 32
1734072538162 0.6542770862579346 33
1734072901872 0.646489679813385 34
1734073265924 0.647312581539154 35
1734073630092 0.6375997066497803 36
1734073993883 0.6331056356430054 37
1734074357836 0.6304855346679688 38
1734074721857 0.6239673495292664 39
1734075085723 0.6196802854537964 40
1734075449514 0.6165189146995544 41
1734075813380 0.6120661497116089 42
1734076177225 0.6132198572158813 43
1734076541279 0.6103072762489319 44
1734076905125 0.6021600961685181 45
1734077269327 0.6016726493835449 46
1734077633166 0.5989271402359009 47
1734077996663 0.59879469871521 48
1734078360695 0.5936914682388306 49
1734078724558 0.5927184820175171 50
1734079088664 0.5902037024497986 51
1734079452484 0.5849401354789734 52
1734079816141 0.5848512649536133 53
1734080179431 0.5845687389373779 54
1734080543785 0.5814584493637085 55
1734080908017 0.5739714503288269 56
1734081271683 0.571769654750824 57
1734081635462 0.5695511698722839 58
1734081999635 0.5709083080291748 59
1734082363339 0.5652627944946289 60
1734082727053 0.5634753704071045 61
1734083090856 0.56282639503479 62
1734083454324 0.5580311417579651 63
1734083817932 0.5607283115386963 64
1734084181985 0.5548030138015747 65
1734084545836 0.5530586242675781 66
1734084909864 0.5522908568382263 67
1734085273587 0.5523415207862854 68
1734085637755 0.552056610584259 69
1734086001420 0.548796534538269 70
1734086365304 0.5453759431838989 71
1734086729255 0.5436629056930542 72
1734087092955 0.5404232740402222 73
1734087456714 0.5389305353164673 74
1734087820520 0.5342467427253723 75
1734088184295 0.5373767614364624 76
1734088547799 0.5341663956642151 77
1734088911273 0.5342442393302917 78
1734089274659 0.5292704105377197 79
1734089638105 0.5284360647201538 80
1734090001528 0.5195186138153076 81
1734090365164 0.5275827050209045 82
1734090728743 0.519628643989563 83
1734091092415 0.5247743129730225 84
1734091456094 0.5158981680870056 85
1734091819404 0.5170060396194458 86
1734092182805 0.5135497450828552 87
1734092546510 0.5173600912094116 88
1734092910043 0.5117374062538147 89
1734093273380 0.5134096145629883 90
1734093636897 0.5126782059669495 91
1734094000651 0.5149903297424316 92
1734094364485 0.5035429000854492 93
1734094728105 0.5069085955619812 94
1734095092140 0.5004789233207703 95
1734095456077 0.5036006569862366 96
1734095819626 0.49868884682655334 97
1734096183319 0.4961968958377838 98
1734096547129 0.49138644337654114 99
1734096910614 0.4968473017215729 100
1734097275083 0.48941853642463684 101
1734097639220 0.4930446445941925 102
1734098002885 0.4899962544441223 103
1734098366755 0.48926106095314026 104
1734098730530 0.4848155379295349 105
1734099094547 0.4868491291999817 106
1734099458516 0.486470103263855 107
1734099822716 0.48539620637893677 108
1734100186659 0.47992566227912903 109
1734100550384 0.47368761897087097 110
1734100914510 0.47710737586021423 111
1734101279303 0.48081424832344055 112
1734101642131 0.4706788659095764 113
1734102004973 0.47220954298973083 114
1734102368018 0.475288450717926 115
1734102730987 0.4682689905166626 116
1734103096331 0.4662937819957733 117
1734103463842 0.4686957895755768 118
1734103829934 0.4693540036678314 119
1734104195040 0.4655388593673706 120
1734104562547 0.4586254060268402 121
1734104929859 0.4646785855293274 122
1734105297520 0.46302250027656555 123
1734105665044 0.4600188434123993 124
1734106033355 0.46150174736976624 125
