1731362455586 0.5019166469573975 0
1731362855311 0.5134166479110718 1
1731363254310 0.5421666502952576 2
1731363653040 0.559333324432373 3
1731364051382 0.5744166374206543 4
1731364448016 0.593500018119812 5
1731364845409 0.6017500162124634 6
1731365242812 0.6161666512489319 7
1731365638532 0.6196666955947876 8
1731366032938 0.6241666674613953 9
1731366427233 0.640666663646698 10
1731366821266 0.6439999938011169 11
1731367215251 0.6510000228881836 12
1731367609366 0.6535000205039978 13
1731368006923 0.6601666808128357 14
1731368403166 0.6635833382606506 15
1731368804132 0.6710833311080933 16
1731369201658 0.6742500066757202 17
1731369603592 0.6814166903495789 18
1731370002025 0.6855833530426025 19
1731370401704 0.6941666603088379 20
1731370803509 0.6994166374206543 21
1731371202740 0.7012500166893005 22
1731371601247 0.7090833187103271 23
1731371998055 0.7140833139419556 24
1731372395105 0.7244166731834412 25
1731372791719 0.7195833325386047 26
1731373187362 0.7286666631698608 27
1731373584445 0.7440833449363708 28
1731373978762 0.7390000224113464 29
1731374372900 0.7475000023841858 30
1731374767217 0.749666690826416 31
1731375161595 0.7538333535194397 32
1731375555804 0.7607499957084656 33
1731375949956 0.765999972820282 34
1731376344527 0.7726666927337646 35
1731376741552 0.7770000100135803 36
1731377143166 0.7735833525657654 37
1731377545204 0.7831666469573975 38
1731377945836 0.7848333120346069 39
1731378348032 0.7895833253860474 40
1731378752189 0.7929999828338623 41
1731379157624 0.796916663646698 42
1731379557223 0.8040833473205566 43
1731379957857 0.796750009059906 44
1731380357350 0.8059999942779541 45
1731380753449 0.8101666569709778 46
1731381149699 0.8117499947547913 47
1731381546056 0.8162500262260437 48
1731381941313 0.8125 49
1731382337480 0.8179166913032532 50
1731382733126 0.8166666626930237 51
1731383128159 0.8234999775886536 52
1731383523258 0.8260833621025085 53
1731383920369 0.8275833129882812 54
1731384315618 0.8347499966621399 55
1731384721463 0.8321666717529297 56
1731385132755 0.831166684627533 57
1731385526862 0.8387500047683716 58
1731385920921 0.8335000276565552 59
1731386315853 0.8400833606719971 60
1731386710523 0.8376666903495789 61
1731387105136 0.8421666622161865 62
1731387500009 0.8427500128746033 63
1731387894753 0.8486666679382324 64
1731388289543 0.8502500057220459 65
1731388684258 0.8500833511352539 66
1731389078954 0.843916654586792 67
1731389473591 0.8464166522026062 68
1731389868258 0.8518333435058594 69
1731390262881 0.8538333177566528 70
1731390657602 0.8600000143051147 71
1731391052565 0.8575000166893005 72
1731391447452 0.8581666946411133 73
1731391842071 0.8604999780654907 74
1731392236975 0.8640000224113464 75
1731392631796 0.8640000224113464 76
1731393026498 0.8659166693687439 77
1731393421125 0.8651666641235352 78
1731393815970 0.8684166669845581 79
1731394210684 0.8696666955947876 80
1731394605453 0.8673333525657654 81
1731395000309 0.8665000200271606 82
1731395395107 0.8677499890327454 83
1731395789762 0.8702499866485596 84
1731396184476 0.8740833401679993 85
1731396579430 0.8789166808128357 86
1731396974205 0.8721666932106018 87
1731397368777 0.8729166388511658 88
1731397763673 0.8760833144187927 89
1731398158470 0.8765833377838135 90
1731398553030 0.8767499923706055 91
1731398947629 0.878083348274231 92
1731399342280 0.8817499876022339 93
1731399736777 0.8788333535194397 94
1731400131472 0.8786666393280029 95
1731400526188 0.8820833563804626 96
1731400920771 0.8887500166893005 97
1731401315425 0.8824999928474426 98
1731401710257 0.8842499852180481 99
1731402104896 0.8865833282470703 100
1731402499382 0.887666642665863 101
1731402894018 0.890500009059906 102
1731403288507 0.8850833177566528 103
1731403682899 0.8872500061988831 104
1731404077511 0.8821666836738586 105
1731404471987 0.8860833048820496 106
1731404866510 0.8941666483879089 107
1731405260898 0.8918333053588867 108
1731405655488 0.8951666951179504 109
1731406050013 0.893750011920929 110
1731406444465 0.8943333625793457 111
1731406838988 0.8922500014305115 112
1731407233435 0.8978333473205566 113
1731407627865 0.8964999914169312 114
1731408022192 0.8942499756813049 115
1731408416911 0.8964999914169312 116
1731408811313 0.8990833163261414 117
1731409205714 0.8953333497047424 118
1731409600142 0.8977500200271606 119
1731409994662 0.9028333425521851 120
1731410389195 0.9014166593551636 121
1731410783510 0.9021666646003723 122
1731411178044 0.903166651725769 123
1731411572586 0.9014166593551636 124
1731411966934 0.9017500281333923 125
1731412361452 0.8999999761581421 126
1731412755774 0.9053333401679993 127
1731413150066 0.903166651725769 128
1731413544943 0.9069166779518127 129
1731413939643 0.9014166593551636 130
1731414332355 0.9050833582878113 131
1731414729894 0.9069166779518127 132
1731415123812 0.906499981880188 133
1731415517532 0.9046666622161865 134
1731415911820 0.9114166498184204 135
1731416306166 0.909333348274231 136
1731416700566 0.9081666469573975 137
1731417095003 0.909166693687439 138
1731417490726 0.9077500104904175 139
1731417887042 0.9106666445732117 140
1731418281300 0.9085000157356262 141
1731418675651 0.9104999899864197 142
1731419074148 0.9089999794960022 143
1731419470107 0.9085000157356262 144
1731419864839 0.9160833358764648 145
1731420259780 0.9089999794960022 146
1731420654608 0.9113333225250244 147
1731421049363 0.9110833406448364 148
1731421444475 0.9149166941642761 149
1731421839589 0.9144166707992554 150
1731422234556 0.9164166450500488 151
1731422629553 0.9159166812896729 152
1731423024648 0.9146666526794434 153
1731423419574 0.9148333072662354 154
1731423814636 0.9139999747276306 155
1731424209779 0.9203333258628845 156
1731424604911 0.9150000214576721 157
1731424999989 0.9202499985694885 158
1731425395222 0.9192500114440918 159
1731425790459 0.9143333435058594 160
1731426185765 0.9205833077430725 161
1731426581271 0.9182500243186951 162
1731426976614 0.9210833311080933 163
1731427371894 0.9205833077430725 164
1731427767345 0.9184166789054871 165
1731428162865 0.9245833158493042 166
1731428558317 0.9201666712760925 167
1731428953616 0.9207500219345093 168
1731429349211 0.9195833206176758 169
1731429744716 0.9195833206176758 170
1731430140174 0.9238333106040955 171
1731430535671 0.9275000095367432 172
1731430931148 0.9245833158493042 173
1731431328192 0.9203333258628845 174
1731431725883 0.9255833625793457 175
1731432122841 0.9273333549499512 176
1731432517950 0.9226666688919067 177
1731432912965 0.9266666769981384 178
1731433307893 0.924833357334137 179
1731433702608 0.9223333597183228 180
1731434097227 0.9296666383743286 181
1731434492450 0.9312499761581421 182
1731434889744 0.9311666488647461 183
1731435289462 0.9304999709129333 184
1731435686146 0.9299166798591614 185
1731436081731 0.9275000095367432 186
1731436477283 0.9269999861717224 187
1731436872928 0.9277499914169312 188
1731437268503 0.9305833578109741 189
1731437664150 0.934416651725769 190
1731438059852 0.9309166669845581 191
1731438455382 0.9317499995231628 192
1731438850817 0.9351666569709778 193
1731439246462 0.9290000200271606 194
1731439641988 0.9352499842643738 195
1731440038587 0.9316666722297668 196
1731440439653 0.934416651725769 197
1731440841425 0.9313333630561829 198
1731441243111 0.9346666932106018 199
