1731362455586 0.9308961629867554 0
1731362855311 0.9248029589653015 1
1731363254310 0.9157422780990601 2
1731363653040 0.9065001010894775 3
1731364051382 0.8900243043899536 4
1731364448016 0.8767637014389038 5
1731364845409 0.8602582216262817 6
1731365242812 0.8437615036964417 7
1731365638532 0.836184561252594 8
1731366032938 0.8264937996864319 9
1731366427233 0.8126049041748047 10
1731366821266 0.8067181706428528 11
1731367215251 0.7931023240089417 12
1731367609366 0.7845913171768188 13
1731368006923 0.7748252153396606 14
1731368403166 0.7683185338973999 15
1731368804132 0.7610527873039246 16
1731369201658 0.7507314682006836 17
1731369603592 0.7424072027206421 18
1731370002025 0.7320185303688049 19
1731370401704 0.7210361361503601 20
1731370803509 0.7137536406517029 21
1731371202740 0.7070060968399048 22
1731371601247 0.6967093348503113 23
1731371998055 0.6876254081726074 24
1731372395105 0.6732802987098694 25
1731372791719 0.6719459295272827 26
1731373187362 0.6641519665718079 27
1731373584445 0.6425784826278687 28
1731373978762 0.6458529233932495 29
1731374372900 0.6336622834205627 30
1731374767217 0.6272695660591125 31
1731375161595 0.6156800985336304 32
1731375555804 0.6071891784667969 33
1731375949956 0.5996338725090027 34
1731376344527 0.5881959199905396 35
1731376741552 0.5792147517204285 36
1731377143166 0.582183837890625 37
1731377545204 0.5681120753288269 38
1731377945836 0.5615853071212769 39
1731378348032 0.5534322261810303 40
1731378752189 0.5473135113716125 41
1731379157624 0.5382332801818848 42
1731379557223 0.525799572467804 43
1731379957857 0.5317027568817139 44
1731380357350 0.5206353664398193 45
1731380753449 0.5118088722229004 46
1731381149699 0.5158110857009888 47
1731381546056 0.5036144256591797 48
1731381941313 0.5016911029815674 49
1731382337480 0.5001730918884277 50
1731382733126 0.49589839577674866 51
1731383128159 0.48281946778297424 52
1731383523258 0.4800029397010803 53
1731383920369 0.4742071032524109 54
1731384315618 0.46865153312683105 55
1731384721463 0.46923768520355225 56
1731385132755 0.4671584367752075 57
1731385526862 0.4580816328525543 58
1731385920921 0.4608207941055298 59
1731386315853 0.4475266933441162 60
1731386710523 0.4500018358230591 61
1731387105136 0.44658201932907104 62
1731387500009 0.4389244318008423 63
1731387894753 0.4405435025691986 64
1731388289543 0.4328401982784271 65
1731388684258 0.42629188299179077 66
1731389078954 0.44253164529800415 67
1731389473591 0.42507123947143555 68
1731389868258 0.42531025409698486 69
1731390262881 0.4186149537563324 70
1731390657602 0.40875548124313354 71
1731391052565 0.41165298223495483 72
1731391447452 0.40933358669281006 73
1731391842071 0.40671589970588684 74
1731392236975 0.3987402617931366 75
1731392631796 0.40529048442840576 76
1731393026498 0.3960117697715759 77
1731393421125 0.3992270529270172 78
1731393815970 0.3961315453052521 79
1731394210684 0.38583508133888245 80
1731394605453 0.3856199085712433 81
1731395000309 0.38636112213134766 82
1731395395107 0.38671404123306274 83
1731395789762 0.37983238697052 84
1731396184476 0.3776763081550598 85
1731396579430 0.3708169460296631 86
1731396974205 0.3792322874069214 87
1731397368777 0.37562525272369385 88
1731397763673 0.36573725938796997 89
1731398158470 0.37101656198501587 90
1731398553030 0.3648090064525604 91
1731398947629 0.3674042522907257 92
1731399342280 0.35940420627593994 93
1731399736777 0.362587034702301 94
1731400131472 0.35867491364479065 95
1731400526188 0.3559703826904297 96
1731400920771 0.35179805755615234 97
1731401315425 0.36446210741996765 98
1731401710257 0.3535500764846802 99
1731402104896 0.35316136479377747 100
1731402499382 0.34726250171661377 101
1731402894018 0.3404378294944763 102
1731403288507 0.3552058935165405 103
1731403682899 0.3505234718322754 104
1731404077511 0.34757736325263977 105
1731404471987 0.3419739305973053 106
1731404866510 0.3372000455856323 107
1731405260898 0.33836233615875244 108
1731405655488 0.33369770646095276 109
1731406050013 0.3381739556789398 110
1731406444465 0.33213910460472107 111
1731406838988 0.33632269501686096 112
1731407233435 0.3274155259132385 113
1731407627865 0.33158987760543823 114
1731408022192 0.32789719104766846 115
1731408416911 0.3248758316040039 116
1731408811313 0.3251383304595947 117
1731409205714 0.3241483271121979 118
1731409600142 0.32241156697273254 119
1731409994662 0.31984174251556396 120
1731410389195 0.31827405095100403 121
1731410783510 0.3165166974067688 122
1731411178044 0.3108597993850708 123
1731411572586 0.31643450260162354 124
1731411966934 0.31370389461517334 125
1731412361452 0.31603705883026123 126
1731412755774 0.31105583906173706 127
1731413150066 0.3141700327396393 128
1731413544943 0.30250850319862366 129
1731413939643 0.3142801821231842 130
1731414332355 0.31087684631347656 131
1731414729894 0.30804288387298584 132
1731415123812 0.30290475487709045 133
1731415517532 0.3053724467754364 134
1731415911820 0.29692140221595764 135
1731416306166 0.3034168779850006 136
1731416700566 0.2982827425003052 137
1731417095003 0.297340989112854 138
1731417490726 0.30349215865135193 139
1731417887042 0.29552730917930603 140
1731418281300 0.2978525161743164 141
1731418675651 0.29845717549324036 142
1731419074148 0.2993757128715515 143
1731419470107 0.300416499376297 144
1731419864839 0.286894828081131 145
1731420259780 0.29966601729393005 146
1731420654608 0.2925848662853241 147
1731421049363 0.2973822057247162 148
1731421444475 0.2888290286064148 149
1731421839589 0.2886381149291992 150
1731422234556 0.2901371419429779 151
1731422629553 0.2876851260662079 152
1731423024648 0.28673049807548523 153
1731423419574 0.2888858914375305 154
1731423814636 0.28488054871559143 155
1731424209779 0.2822860777378082 156
1731424604911 0.2886095941066742 157
1731424999989 0.28118717670440674 158
1731425395222 0.2772253155708313 159
1731425790459 0.2835811972618103 160
1731426185765 0.2777603566646576 161
1731426581271 0.27901706099510193 162
1731426976614 0.2775039076805115 163
1731427371894 0.2738412320613861 164
1731427767345 0.28002941608428955 165
1731428162865 0.2714124321937561 166
1731428558317 0.27902859449386597 167
1731428953616 0.2744526267051697 168
1731429349211 0.2781570553779602 169
1731429744716 0.2789226770401001 170
1731430140174 0.27300068736076355 171
1731430535671 0.2703875005245209 172
1731430931148 0.2689204812049866 173
1731431328192 0.27595028281211853 174
1731431725883 0.271695613861084 175
1731432122841 0.2621343433856964 176
1731432517950 0.27031660079956055 177
1731432912965 0.2630142867565155 178
1731433307893 0.26915860176086426 179
1731433702608 0.2737295627593994 180
1731434097227 0.2623697817325592 181
1731434492450 0.25472161173820496 182
1731434889744 0.2556098699569702 183
1731435289462 0.2615468204021454 184
1731435686146 0.2574061453342438 185
1731436081731 0.2616890072822571 186
1731436477283 0.2631876468658447 187
1731436872928 0.2620849907398224 188
1731437268503 0.2587626874446869 189
1731437664150 0.2522231340408325 190
1731438059852 0.2641561031341553 191
1731438455382 0.2599739134311676 192
1731438850817 0.2539592683315277 193
1731439246462 0.26395535469055176 194
1731439641988 0.2528035342693329 195
1731440038587 0.2572484016418457 196
1731440439653 0.25241848826408386 197
1731440841425 0.259371280670166 198
1731441243111 0.24967952072620392 199
