1734637877511 0.5098333358764648 0
1734638304339 0.49908334016799927 1
1734638731499 0.492000013589859 2
1734639158707 0.5018333196640015 3
1734639585800 0.4971666634082794 4
1734640012908 0.49933332204818726 5
1734640440305 0.4897499978542328 6
1734640867359 0.5010833144187927 7
1734641294714 0.503250002861023 8
1734641721959 0.5015833377838135 9
1734642149287 0.49941667914390564 10
1734642577024 0.5057500004768372 11
1734643004427 0.4959999918937683 12
1734643431462 0.49674999713897705 13
1734643858775 0.5065000057220459 14
1734644286814 0.4949166774749756 15
1734644713552 0.5005833506584167 16
1734645142415 0.49933332204818726 17
1734645569558 0.5075833201408386 18
1734645995808 0.5043333172798157 19
1734646422113 0.5019166469573975 20
1734646848233 0.5036666393280029 21
1734647274369 0.5005833506584167 22
1734647700524 0.5006666779518127 23
1734648126764 0.4951666593551636 24
1734648553048 0.4974166750907898 25
1734648979736 0.49775001406669617 26
1734649406441 0.500166654586792 27
1734649833977 0.5065000057220459 28
1734650261406 0.5005833506584167 29
1734650685797 0.5052499771118164 30
1734651109095 0.5026666522026062 31
1734651539481 0.5063333511352539 32
1734651968338 0.503083348274231 33
1734652395452 0.5071666836738586 34
1734652823928 0.5020833611488342 35
1734653251045 0.5019166469573975 36
1734653678557 0.499833345413208 37
1734654105980 0.4964166581630707 38
1734654532781 0.5051666498184204 39
1734654957406 0.4948333203792572 40
1734655381900 0.4975833296775818 41
1734655805904 0.5028333067893982 42
1734656229691 0.5016666650772095 43
1734656653587 0.5080000162124634 44
1734657077403 0.5024166703224182 45
1734657501192 0.49300000071525574 46
1734657925168 0.49050000309944153 47
1734658349009 0.500249981880188 48
1734658772932 0.49666666984558105 49
1734659196939 0.49541667103767395 50
1734659620856 0.4938333332538605 51
1734660044740 0.5064166784286499 52
1734660468807 0.500333309173584 53
1734660892986 0.5084999799728394 54
1734661317090 0.5044999718666077 55
1734661740992 0.503333330154419 56
1734662164896 0.5106666684150696 57
1734662588767 0.5118333101272583 58
1734663012702 0.5014166831970215 59
1734663436700 0.5080833435058594 60
1734663860400 0.5026666522026062 61
1734664284188 0.5193333625793457 62
1734664708008 0.5108333230018616 63
1734665131896 0.5145000219345093 64
1734665555629 0.5166666507720947 65
1734665979222 0.5238333344459534 66
1734666403050 0.5258333086967468 67
1734666826972 0.518833339214325 68
1734667251014 0.5259166955947876 69
1734667674577 0.530916690826416 70
1734668098240 0.5019999742507935 71
1734668522059 0.5106666684150696 72
1734668945860 0.5301666855812073 73
1734669369749 0.5249166488647461 74
1734669793280 0.5273333191871643 75
1734670217274 0.5329166650772095 76
1734670640931 0.5135833621025085 77
1734671064930 0.534416675567627 78
1734671488612 0.5464166402816772 79
1734671912237 0.5459166765213013 80
1734672335785 0.5163333415985107 81
1734672759741 0.5331666469573975 82
1734673183379 0.534583330154419 83
1734673607114 0.5278333425521851 84
1734674030674 0.527999997138977 85
1734674454350 0.5175833106040955 86
1734674877982 0.5380833148956299 87
1734675301563 0.4976666569709778 88
1734675725142 0.49950000643730164 89
1734676148706 0.4947499930858612 90
1734676572234 0.5010833144187927 91
1734676995788 0.5019999742507935 92
1734677419423 0.4959999918937683 93
1734677843025 0.5022500157356262 94
1734678266677 0.4983333349227905 95
1734678690217 0.4975000023841858 96
1734679113758 0.4985833466053009 97
1734679537350 0.5094166398048401 98
1734679960886 0.5273333191871643 99
1734680384415 0.5495833158493042 100
1734680807940 0.5256666541099548 101
1734681231508 0.5180000066757202 102
1734681654996 0.5068333148956299 103
1734682078433 0.5252500176429749 104
1734682501865 0.5015000104904175 105
1734682925724 0.5200833082199097 106
1734683349095 0.5320833325386047 107
1734683772577 0.5339166522026062 108
1734684195932 0.5393333435058594 109
1734684619522 0.518833339214325 110
1734685042883 0.503000020980835 111
1734685466371 0.5019166469573975 112
1734685889770 0.5121666789054871 113
1734686313120 0.5317500233650208 114
1734686736994 0.5404166579246521 115
1734687160413 0.5432500243186951 116
1734687583983 0.5178333520889282 117
1734688007572 0.5527499914169312 118
1734688430839 0.5589166879653931 119
1734688854258 0.5677499771118164 120
1734689277863 0.5590000152587891 121
1734689701136 0.5109166502952576 122
1734690124657 0.4958333373069763 123
1734690548096 0.5195833444595337 124
1734690971527 0.4972499907016754 125
1734691394808 0.5020833611488342 126
1734691818042 0.5054166913032532 127
1734692241475 0.49966666102409363 128
1734692664954 0.5008333325386047 129
1734693088385 0.512333333492279 130
1734693511821 0.503333330154419 131
1734693935376 0.5484166741371155 132
1734694358753 0.5430833101272583 133
1734694782073 0.5435000061988831 134
1734695205208 0.5069166421890259 135
1734695628338 0.5059999823570251 136
1734696051624 0.4976666569709778 137
1734696474947 0.49283334612846375 138
1734696898259 0.49566665291786194 139
1734697321512 0.5040833353996277 140
1734697744780 0.4970833361148834 141
1734698168034 0.5084166526794434 142
1734698591295 0.4970000088214874 143
1734699014652 0.5007500052452087 144
1734699437962 0.5061666369438171 145
1734699861262 0.5099166631698608 146
1734700284596 0.5008333325386047 147
1734700708058 0.5012500286102295 148
1734701131418 0.5221666693687439 149
1734701554512 0.5200833082199097 150
1734701977842 0.5034999847412109 151
1734702401955 0.5164999961853027 152
1734702825457 0.5475833415985107 153
1734703248871 0.5270000100135803 154
1734703672276 0.5069166421890259 155
1734704095839 0.503000020980835 156
1734704519243 0.5325000286102295 157
1734704942673 0.5524166822433472 158
1734705366349 0.5370000004768372 159
1734705789977 0.5115000009536743 160
1734706213567 0.562833309173584 161
1734706637801 0.5724999904632568 162
1734707061744 0.5728333592414856 163
1734707485480 0.5768333077430725 164
1734707909247 0.5776666402816772 165
1734708333311 0.5776666402816772 166
1734708757235 0.5761666893959045 167
1734709181063 0.5845000147819519 168
1734709605123 0.5942500233650208 169
1734710029102 0.5374166369438171 170
1734710453052 0.5065833330154419 171
1734710877325 0.5681666731834412 172
1734711301226 0.574999988079071 173
1734711725118 0.5845000147819519 174
1734712149388 0.5874999761581421 175
1734712573370 0.5871666669845581 176
1734712997599 0.5943333506584167 177
1734713421635 0.6011666655540466 178
1734713845596 0.5911666750907898 179
1734714269567 0.596750020980835 180
1734714693485 0.6023333072662354 181
1734715117707 0.5925833582878113 182
1734715541941 0.5990833044052124 183
1734715966022 0.6068333387374878 184
1734716390249 0.5993333458900452 185
1734716814475 0.6035833358764648 186
1734717238727 0.6089166402816772 187
1734717663001 0.6014166474342346 188
1734718087388 0.6087499856948853 189
1734718511646 0.6056666374206543 190
1734718935947 0.6060000061988831 191
1734719360614 0.6138333082199097 192
1734719785393 0.6132500171661377 193
1734720210172 0.6079166531562805 194
1734720634759 0.6017500162124634 195
1734721059317 0.6075000166893005 196
1734721484221 0.612333357334137 197
1734721909070 0.6213333606719971 198
1734722332353 0.6139166951179504 199
1734722756105 0.6135833263397217 200
1734723179161 0.6230000257492065 201
1734723602305 0.6243333220481873 202
1734724027552 0.6207500100135803 203
1734724454446 0.6154999732971191 204
1734724885559 0.6203333139419556 205
1734725314516 0.628166675567627 206
1734725742677 0.6190000176429749 207
1734726170850 0.6222500205039978 208
1734726598836 0.6225000023841858 209
1734727026821 0.6291666626930237 210
1734727455200 0.6254166960716248 211
1734727883257 0.6244166493415833 212
1734728311469 0.6310833096504211 213
1734728739548 0.6225833296775818 214
1734729167642 0.6274999976158142 215
1734729596057 0.6209999918937683 216
1734730024007 0.6245833039283752 217
1734730452107 0.6315833330154419 218
1734730880025 0.6263333559036255 219
1734731308019 0.6305833458900452 220
1734731736014 0.6300833225250244 221
1734732163966 0.637666642665863 222
1734732591053 0.6372500061988831 223
1734733013852 0.6334999799728394 224
1734733436812 0.6349999904632568 225
1734733859769 0.6353333592414856 226
1734734283011 0.6340833306312561 227
1734734706163 0.6424999833106995 228
1734735129264 0.6338333487510681 229
1734735552239 0.6342499852180481 230
1734735975206 0.6415833234786987 231
1734736398498 0.6464166641235352 232
1734736821692 0.6455833315849304 233
1734737245205 0.6470833420753479 234
1734737668179 0.6477500200271606 235
1734738090911 0.6494166851043701 236
1734738513785 0.6441666483879089 237
1734738936981 0.6462500095367432 238
1734739359915 0.6468333601951599 239
1734739782663 0.6502500176429749 240
1734740205242 0.653083324432373 241
1734740627845 0.6498333215713501 242
1734741050432 0.6466666460037231 243
1734741473021 0.6495833396911621 244
1734741895653 0.6501666903495789 245
1734742318299 0.6506666541099548 246
1734742741035 0.659583330154419 247
1734743163681 0.6548333168029785 248
1734743586337 0.6485000252723694 249
1734744008800 0.6581666469573975 250
1734744431231 0.6536666750907898 251
1734744854785 0.6492499709129333 252
1734745278648 0.6566666960716248 253
1734745702555 0.6567500233650208 254
1734746126407 0.6614999771118164 255
1734746550208 0.656166672706604 256
1734746974339 0.6543333530426025 257
1734747398165 0.6588333249092102 258
1734747821945 0.6507499814033508 259
1734748245711 0.653333306312561 260
1734748669458 0.6590833067893982 261
1734749093113 0.6574166417121887 262
1734749516744 0.6633333563804626 263
1734749940538 0.668916642665863 264
1734750364226 0.6588333249092102 265
1734750787826 0.659333348274231 266
1734751211503 0.6698333621025085 267
1734751635167 0.6667500138282776 268
1734752058802 0.6629166603088379 269
1734752482496 0.6663333177566528 270
1734752906258 0.6573333144187927 271
1734753329952 0.6680833101272583 272
1734753753783 0.6580833196640015 273
1734754177428 0.656083345413208 274
1734754601014 0.6541666388511658 275
1734755024705 0.6707500219345093 276
1734755448274 0.6654166579246521 277
1734755871887 0.6607499718666077 278
1734756295550 0.671916663646698 279
1734756719172 0.6692500114440918 280
1734757142805 0.6628333330154419 281
1734757566463 0.6735833287239075 282
1734757990027 0.6629999876022339 283
1734758413907 0.668583333492279 284
1734758837598 0.6654999852180481 285
1734759261263 0.668916642665863 286
1734759684713 0.6764166951179504 287
1734760108364 0.6746666431427002 288
1734760532113 0.675166666507721 289
1734760956053 0.6740000247955322 290
1734761379748 0.6647499799728394 291
1734761803418 0.6705833077430725 292
1734762226954 0.6682500243186951 293
1734762650420 0.668833315372467 294
1734763073977 0.6655833125114441 295
1734763497597 0.6753333210945129 296
1734763921109 0.6740833520889282 297
1734764344606 0.6806666851043701 298
1734764768225 0.6810833215713501 299
1734765191930 0.6766666769981384 300
1734765615494 0.6714166402816772 301
1734766039108 0.6803333163261414 302
1734766462596 0.6801666617393494 303
1734766886108 0.6735833287239075 304
1734767309553 0.6765000224113464 305
1734767732941 0.6831666827201843 306
1734768156351 0.6730833053588867 307
1734768579834 0.6819166541099548 308
1734769003190 0.6867499947547913 309
1734769426520 0.6723333597183228 310
1734769850135 0.6944166421890259 311
1734770273631 0.6799166798591614 312
1734770697085 0.6869999766349792 313
1734771120453 0.6847500205039978 314
1734771544203 0.6800833344459534 315
1734771967619 0.687333345413208 316
1734772391083 0.6900833249092102 317
1734772814519 0.6880833506584167 318
1734773237942 0.6879166960716248 319
1734773661436 0.6859999895095825 320
1734774084838 0.687833309173584 321
1734774508183 0.6968333125114441 322
1734774931578 0.6944166421890259 323
1734775354925 0.6885833144187927 324
1734775778158 0.6973333358764648 325
1734776201397 0.687833309173584 326
1734776624610 0.6891666650772095 327
1734777048030 0.6949166655540466 328
1734777471505 0.6934999823570251 329
1734777895026 0.7073333263397217 330
1734778318519 0.7011666893959045 331
1734778741953 0.6948333382606506 332
1734779165310 0.7022500038146973 333
1734779588625 0.6989166736602783 334
1734780011832 0.7049166560173035 335
1734780435336 0.702833354473114 336
1734780858551 0.6997500061988831 337
1734781281997 0.6974166631698608 338
1734781705801 0.7043333053588867 339
1734782129651 0.703000009059906 340
1734782552764 0.7009999752044678 341
1734782975756 0.7110000252723694 342
1734783398723 0.706250011920929 343
1734783821718 0.7125833630561829 344
1734784244736 0.7121666669845581 345
1734784667742 0.7123333215713501 346
1734785090991 0.7071666717529297 347
1734785514120 0.7160833477973938 348
1734785937232 0.7133333086967468 349
1734786360319 0.715666651725769 350
1734786783491 0.7132499814033508 351
1734787206790 0.7164166569709778 352
1734787629965 0.7159166932106018 353
1734788053276 0.7164999842643738 354
1734788476634 0.7122499942779541 355
1734788899836 0.7166666388511658 356
1734789323048 0.7196666598320007 357
1734789746203 0.718416690826416 358
1734790169395 0.721666693687439 359
1734790592582 0.7174166440963745 360
1734791015963 0.7209166884422302 361
1734791439196 0.7246666550636292 362
1734791862512 0.7215833067893982 363
1734792285840 0.7174166440963745 364
1734792709085 0.7229166626930237 365
1734793132174 0.7260000109672546 366
1734793555462 0.7284166812896729 367
1734793978756 0.7200000286102295 368
1734794402028 0.7272499799728394 369
1734794825298 0.7269999980926514 370
1734795248574 0.7231666445732117 371
1734795673688 0.7302500009536743 372
1734796097376 0.7252500057220459 373
1734796520696 0.7254999876022339 374
1734796944055 0.7321666479110718 375
1734797367413 0.7284166812896729 376
1734797790754 0.7286666631698608 377
1734798214081 0.7323333621025085 378
1734798637473 0.7245833277702332 379
1734799060740 0.7333333492279053 380
1734799484061 0.7307500243186951 381
1734799907426 0.7276666760444641 382
1734800330932 0.7306666374206543 383
1734800754408 0.7354999780654907 384
1734801177819 0.7331666946411133 385
1734801601235 0.7242500185966492 386
1734802024610 0.7364166378974915 387
1734802447949 0.7362499833106995 388
1734802871318 0.7390833497047424 389
1734803294775 0.7387499809265137 390
1734803718259 0.7377499938011169 391
1734804141587 0.734083354473114 392
1734804565103 0.7396666407585144 393
1734804988592 0.7354999780654907 394
1734805412021 0.7369166612625122 395
1734805835435 0.7394166588783264 396
1734806258814 0.7379999756813049 397
1734806682346 0.7447500228881836 398
1734807105885 0.7437499761581421 399
1734807146500 0.7409999966621399 0
