1734637877511 0.74625563621521 0
1734638304339 0.7354346513748169 1
1734638731499 0.7337108850479126 2
1734639158707 0.7322365641593933 3
1734639585800 0.7312161326408386 4
1734640012908 0.7302090525627136 5
1734640440305 0.7293198108673096 6
1734640867359 0.7275696396827698 7
1734641294714 0.7270182371139526 8
1734641721959 0.7258960008621216 9
1734642149287 0.7250099182128906 10
1734642577024 0.7237481474876404 11
1734643004427 0.7232514023780823 12
1734643431462 0.722307026386261 13
1734643858775 0.7211379408836365 14
1734644286814 0.7206258177757263 15
1734644713552 0.7193284630775452 16
1734645142415 0.7191227078437805 17
1734645569558 0.7173020839691162 18
1734645995808 0.7167949080467224 19
1734646422113 0.7168419361114502 20
1734646848233 0.716232419013977 21
1734647274369 0.7154264450073242 22
1734647700524 0.7149925231933594 23
1734648126764 0.714627206325531 24
1734648553048 0.7138394117355347 25
1734648979736 0.713141679763794 26
1734649406441 0.712599515914917 27
1734649833977 0.7120779752731323 28
1734650261406 0.7115045785903931 29
1734650685797 0.7105323076248169 30
1734651109095 0.7102259397506714 31
1734651539481 0.7097267508506775 32
1734651968338 0.7094706892967224 33
1734652395452 0.7090843319892883 34
1734652823928 0.7086202502250671 35
1734653251045 0.7081345319747925 36
1734653678557 0.7075385451316833 37
1734654105980 0.7077070474624634 38
1734654532781 0.7068195939064026 39
1734654957406 0.706575334072113 40
1734655381900 0.7062500715255737 41
1734655805904 0.7057752013206482 42
1734656229691 0.7054852843284607 43
1734656653587 0.7049119472503662 44
1734657077403 0.704903244972229 45
1734657501192 0.7048913836479187 46
1734657925168 0.7044241428375244 47
1734658349009 0.7038958072662354 48
1734658772932 0.7038459181785583 49
1734659196939 0.7035570740699768 50
1734659620856 0.7032181024551392 51
1734660044740 0.7027376890182495 52
1734660468807 0.7023741602897644 53
1734660892986 0.702135443687439 54
1734661317090 0.7008134722709656 55
1734661740992 0.7008773684501648 56
1734662164896 0.6994025707244873 57
1734662588767 0.6990143060684204 58
1734663012702 0.6983576416969299 59
1734663436700 0.6990842819213867 60
1734663860400 0.6984293460845947 61
1734664284188 0.6967909336090088 62
1734664708008 0.6969978213310242 63
1734665131896 0.6961174607276917 64
1734665555629 0.6961408853530884 65
1734665979222 0.6948509216308594 66
1734666403050 0.6947646737098694 67
1734666826972 0.6963294148445129 68
1734667251014 0.6922217607498169 69
1734667674577 0.6925305128097534 70
1734668098240 0.6994714140892029 71
1734668522059 0.6976843476295471 72
1734668945860 0.6926680207252502 73
1734669369749 0.6910924315452576 74
1734669793280 0.6902554631233215 75
1734670217274 0.6904311776161194 76
1734670640931 0.6963395476341248 77
1734671064930 0.6898676753044128 78
1734671488612 0.6853521466255188 79
1734671912237 0.6841509342193604 80
1734672335785 0.6968010067939758 81
1734672759741 0.6914832592010498 82
1734673183379 0.6892925500869751 83
1734673607114 0.6933369040489197 84
1734674030674 0.6904492378234863 85
1734674454350 0.6934100985527039 86
1734674877982 0.6885504722595215 87
1734675301563 0.6984639763832092 88
1734675725142 0.6981983184814453 89
1734676148706 0.6983967423439026 90
1734676572234 0.698268473148346 91
1734676995788 0.6978628635406494 92
1734677419423 0.6977673172950745 93
1734677843025 0.6971336007118225 94
1734678266677 0.6953622102737427 95
1734678690217 0.6975783705711365 96
1734679113758 0.6971936225891113 97
1734679537350 0.6939020752906799 98
1734679960886 0.6869384050369263 99
1734680384415 0.6820694804191589 100
1734680807940 0.6855798959732056 101
1734681231508 0.6913948655128479 102
1734681654996 0.6964250206947327 103
1734682078433 0.6898460388183594 104
1734682501865 0.6968598365783691 105
1734682925724 0.6902768611907959 106
1734683349095 0.6882153153419495 107
1734683772577 0.6889722347259521 108
1734684195932 0.6844634413719177 109
1734684619522 0.6894192695617676 110
1734685042883 0.6971245408058167 111
1734685466371 0.6969833374023438 112
1734685889770 0.6959823966026306 113
1734686313120 0.6880673766136169 114
1734686736994 0.6865119338035583 115
1734687160413 0.6799580454826355 116
1734687583983 0.6897323131561279 117
1734688007572 0.673782229423523 118
1734688430839 0.6737779378890991 119
1734688854258 0.6654595732688904 120
1734689277863 0.6661394238471985 121
1734689701136 0.6913325786590576 122
1734690124657 0.6979202628135681 123
1734690548096 0.6872509717941284 124
1734690971527 0.6977222561836243 125
1734691394808 0.6973690390586853 126
1734691818042 0.6971735954284668 127
1734692241475 0.6971136331558228 128
1734692664954 0.6966878175735474 129
1734693088385 0.691265881061554 130
1734693511821 0.6915666460990906 131
1734693935376 0.6754885911941528 132
1734694358753 0.6742907166481018 133
1734694782073 0.6776488423347473 134
1734695205208 0.6923384070396423 135
1734695628338 0.696846604347229 136
1734696051624 0.6976534724235535 137
1734696474947 0.6973663568496704 138
1734696898259 0.6972520351409912 139
1734697321512 0.6969360113143921 140
1734697744780 0.6968342065811157 141
1734698168034 0.6963478326797485 142
1734698591295 0.696752667427063 143
1734699014652 0.6967016458511353 144
1734699437962 0.696248471736908 145
1734699861262 0.6933357119560242 146
1734700284596 0.6963866949081421 147
1734700708058 0.696161150932312 148
1734701131418 0.6849092841148376 149
1734701554512 0.6867740154266357 150
1734701977842 0.6962062120437622 151
1734702401955 0.6926276683807373 152
1734702825457 0.6741011738777161 153
1734703248871 0.6823926568031311 154
1734703672276 0.6926425695419312 155
1734704095839 0.6927819848060608 156
1734704519243 0.682557225227356 157
1734704942673 0.6696648597717285 158
1734705366349 0.6786860823631287 159
1734705789977 0.6891158819198608 160
1734706213567 0.6694914698600769 161
1734706637801 0.6585170030593872 162
1734707061744 0.65851229429245 163
1734707485480 0.6536750197410583 164
1734707909247 0.6484495401382446 165
1734708333311 0.650159478187561 166
1734708757235 0.6462721228599548 167
1734709181063 0.6419036984443665 168
1734709605123 0.638644814491272 169
1734710029102 0.6715559363365173 170
1734710453052 0.6992076635360718 171
1734710877325 0.6636066436767578 172
1734711301226 0.6426367163658142 173
1734711725118 0.63779217004776 174
1734712149388 0.6385428309440613 175
1734712573370 0.6376916170120239 176
1734712997599 0.6302430033683777 177
1734713421635 0.6302950978279114 178
1734713845596 0.638616144657135 179
1734714269567 0.6318601369857788 180
1734714693485 0.6282688975334167 181
1734715117707 0.6281251907348633 182
1734715541941 0.625476062297821 183
1734715966022 0.6282505989074707 184
1734716390249 0.6266289353370667 185
1734716814475 0.6274670362472534 186
1734717238727 0.6228815317153931 187
1734717663001 0.6249617338180542 188
1734718087388 0.6212500929832458 189
1734718511646 0.620177149772644 190
1734718935947 0.6245669722557068 191
1734719360614 0.6196929812431335 192
1734719785393 0.6197460293769836 193
1734720210172 0.6237506866455078 194
1734720634759 0.6221728324890137 195
1734721059317 0.6187252402305603 196
1734721484221 0.6149612665176392 197
1734721909070 0.6134709119796753 198
1734722332353 0.616698145866394 199
1734722756105 0.6197218298912048 200
1734723179161 0.6149059534072876 201
1734723602305 0.611368715763092 202
1734724027552 0.6114261746406555 203
1734724454446 0.6141166090965271 204
1734724885559 0.611865222454071 205
1734725314516 0.6074804067611694 206
1734725742677 0.6089795827865601 207
1734726170850 0.6085094809532166 208
1734726598836 0.6094014048576355 209
1734727026821 0.6067819595336914 210
1734727455200 0.6078962683677673 211
1734727883257 0.6099269390106201 212
1734728311469 0.6079526543617249 213
1734728739548 0.604740560054779 214
1734729167642 0.6003819704055786 215
1734729596057 0.6033077836036682 216
1734730024007 0.605429470539093 217
1734730452107 0.6010463237762451 218
1734730880025 0.598543643951416 219
1734731308019 0.5992255210876465 220
1734731736014 0.5971153378486633 221
1734732163966 0.6008032560348511 222
1734732591053 0.5924959182739258 223
1734733013852 0.5963692665100098 224
1734733436812 0.596220076084137 225
1734733859769 0.5989415049552917 226
1734734283011 0.5958648324012756 227
1734734706163 0.5895648002624512 228
1734735129264 0.595739483833313 229
1734735552239 0.5938980579376221 230
1734735975206 0.590559184551239 231
1734736398498 0.5863082408905029 232
1734736821692 0.5868844985961914 233
1734737245205 0.5870398283004761 234
1734737668179 0.5855281949043274 235
1734738090911 0.5890448689460754 236
1734738513785 0.5843387842178345 237
1734738936981 0.5874213576316833 238
1734739359915 0.5815296769142151 239
1734739782663 0.5831077694892883 240
1734740205242 0.5799500346183777 241
1734740627845 0.5811547040939331 242
1734741050432 0.5832083225250244 243
1734741473021 0.579139769077301 244
1734741895653 0.579780101776123 245
1734742318299 0.5828342437744141 246
1734742741035 0.573726236820221 247
1734743163681 0.5776407718658447 248
1734743586337 0.5782319903373718 249
1734744008800 0.5755150318145752 250
1734744431231 0.5792971849441528 251
1734744854785 0.5812720060348511 252
1734745278648 0.573878824710846 253
1734745702555 0.5730422735214233 254
1734746126407 0.575082004070282 255
1734746550208 0.5758384466171265 256
1734746974339 0.5753875374794006 257
1734747398165 0.5791440606117249 258
1734747821945 0.586773157119751 259
1734748245711 0.5778239965438843 260
1734748669458 0.574388861656189 261
1734749093113 0.5737452507019043 262
1734749516744 0.5740886330604553 263
1734749940538 0.5692940950393677 264
1734750364226 0.5743818879127502 265
1734750787826 0.5760375261306763 266
1734751211503 0.5664165616035461 267
1734751635167 0.569590151309967 268
1734752058802 0.5685045719146729 269
1734752482496 0.566593587398529 270
1734752906258 0.5735540986061096 271
1734753329952 0.5705599188804626 272
1734753753783 0.5703122019767761 273
1734754177428 0.5739124417304993 274
1734754601014 0.573026716709137 275
1734755024705 0.563454806804657 276
1734755448274 0.5685775279998779 277
1734755871887 0.5735000967979431 278
1734756295550 0.5694963335990906 279
1734756719172 0.5699213743209839 280
1734757142805 0.5733386874198914 281
1734757566463 0.56725013256073 282
1734757990027 0.5657142400741577 283
1734758413907 0.5651353597640991 284
1734758837598 0.5650617480278015 285
1734759261263 0.5632578730583191 286
1734759684713 0.5603538155555725 287
1734760108364 0.55918288230896 288
1734760532113 0.5623191595077515 289
1734760956053 0.5625709295272827 290
1734761379748 0.5626976490020752 291
1734761803418 0.5603677034378052 292
1734762226954 0.5682743191719055 293
1734762650420 0.5699909329414368 294
1734763073977 0.5659884214401245 295
1734763497597 0.5611028075218201 296
1734763921109 0.562683641910553 297
1734764344606 0.5566826462745667 298
1734764768225 0.5558193325996399 299
1734765191930 0.5631266832351685 300
1734765615494 0.5625108480453491 301
1734766039108 0.5557015538215637 302
1734766462596 0.5566714406013489 303
1734766886108 0.5569184422492981 304
1734767309553 0.5529046058654785 305
1734767732941 0.5557647943496704 306
1734768156351 0.5603190660476685 307
1734768579834 0.5533716678619385 308
1734769003190 0.5475865602493286 309
1734769426520 0.5614601969718933 310
1734769850135 0.5425994396209717 311
1734770273631 0.5528867840766907 312
1734770697085 0.543028712272644 313
1734771120453 0.5482599139213562 314
1734771544203 0.5505513548851013 315
1734771967619 0.5478650331497192 316
1734772391083 0.5489740371704102 317
1734772814519 0.5416895151138306 318
1734773237942 0.5472992062568665 319
1734773661436 0.5499662756919861 320
1734774084838 0.5445830821990967 321
1734774508183 0.542103111743927 322
1734774931578 0.5439082980155945 323
1734775354925 0.5405392050743103 324
1734775778158 0.5399827361106873 325
1734776201397 0.54139643907547 326
1734776624610 0.5407098531723022 327
1734777048030 0.5350785851478577 328
1734777471505 0.5397239923477173 329
1734777895026 0.5284706950187683 330
1734778318519 0.532265841960907 331
1734778741953 0.5378866791725159 332
1734779165310 0.5320117473602295 333
1734779588625 0.5367502570152283 334
1734780011832 0.5255646705627441 335
1734780435336 0.5304391384124756 336
1734780858551 0.5328709483146667 337
1734781281997 0.5347005724906921 338
1734781705801 0.5294027328491211 339
1734782129651 0.5246961116790771 340
1734782552764 0.5280832648277283 341
1734782975756 0.521803081035614 342
1734783398723 0.52176833152771 343
1734783821718 0.522343635559082 344
1734784244736 0.515698254108429 345
1734784667742 0.5150783061981201 346
1734785090991 0.5219674706459045 347
1734785514120 0.514677882194519 348
1734785937232 0.5161973237991333 349
1734786360319 0.5102624297142029 350
1734786783491 0.5140314698219299 351
1734787206790 0.5103861689567566 352
1734787629965 0.5051681399345398 353
1734788053276 0.509172797203064 354
1734788476634 0.5136601328849792 355
1734788899836 0.5088866949081421 356
1734789323048 0.5061514377593994 357
1734789746203 0.5061895847320557 358
1734790169395 0.505720317363739 359
1734790592582 0.5054391622543335 360
1734791015963 0.5073738098144531 361
1734791439196 0.4993695914745331 362
1734791862512 0.5072932243347168 363
1734792285840 0.503156304359436 364
1734792709085 0.5050971508026123 365
1734793132174 0.4995439052581787 366
1734793555462 0.5013692378997803 367
1734793978756 0.5027197599411011 368
1734794402028 0.5032757520675659 369
1734794825298 0.4947936236858368 370
1734795248574 0.5041853189468384 371
1734795673688 0.4909946024417877 372
1734796097376 0.49906861782073975 373
1734796520696 0.49504315853118896 374
1734796944055 0.4936988651752472 375
1734797367413 0.4981825351715088 376
1734797790754 0.4909728467464447 377
1734798214081 0.4913288652896881 378
1734798637473 0.4930160343647003 379
1734799060740 0.48705923557281494 380
1734799484061 0.4915989935398102 381
1734799907426 0.4909829795360565 382
1734800330932 0.49202588200569153 383
1734800754408 0.48669570684432983 384
1734801177819 0.4907167851924896 385
1734801601235 0.49435940384864807 386
1734802024610 0.48713281750679016 387
1734802447949 0.48854196071624756 388
1734802871318 0.4811325669288635 389
1734803294775 0.48187848925590515 390
1734803718259 0.4754253029823303 391
1734804141587 0.4829007089138031 392
1734804565103 0.47542452812194824 393
1734804988592 0.47681963443756104 394
1734805412021 0.48124516010284424 395
1734805835435 0.48096948862075806 396
1734806258814 0.47777059674263 397
1734806682346 0.4694361090660095 398
1734807105885 0.46665751934051514 399
1734807146500 0.4946686029434204 0
