1734367461902 0.49950000643730164 0
1734367890593 0.5009166598320007 1
1734368319432 0.5089166760444641 2
1734368748421 0.5105833411216736 3
1734369177356 0.512416660785675 4
1734369605957 0.5195000171661377 5
1734370034845 0.5203333497047424 6
1734370463845 0.5173333287239075 7
1734370892599 0.5254999995231628 8
1734371321250 0.5247499942779541 9
1734371749968 0.5302500128746033 10
1734372178772 0.5265833139419556 11
1734372607438 0.5304999947547913 12
1734373036225 0.5275833606719971 13
1734373464894 0.5393333435058594 14
1734373893647 0.5350833535194397 15
1734374322399 0.5380833148956299 16
1734374751184 0.5442500114440918 17
1734375180138 0.5434166789054871 18
1734375609190 0.5417500138282776 19
1734376038278 0.5394999980926514 20
1734376467080 0.546999990940094 21
1734376895866 0.5515833497047424 22
1734377324786 0.5546666383743286 23
1734377754851 0.5534999966621399 24
1734378186050 0.546500027179718 25
1734378617122 0.5459166765213013 26
1734379048684 0.5508333444595337 27
1734379480261 0.5590000152587891 28
1734379911628 0.5630833506584167 29
1734380338515 0.5642499923706055 30
1734380765513 0.5715000033378601 31
1734381192366 0.5588333606719971 32
1734381619386 0.5722500085830688 33
1734382046308 0.5590000152587891 34
1734382473152 0.577833354473114 35
1734382900151 0.5728333592414856 36
1734383327257 0.5799166560173035 37
1734383754212 0.5824166536331177 38
1734384185266 0.578499972820282 39
1734384616619 0.5897499918937683 40
1734385046058 0.596916675567627 41
1734385475407 0.6007500290870667 42
1734385903551 0.6054999828338623 43
1734386331742 0.6031666398048401 44
1734386759559 0.609000027179718 45
1734387188746 0.60958331823349 46
1734387622569 0.612500011920929 47
1734388052189 0.6232500076293945 48
1734388481633 0.6309166550636292 49
1734388910835 0.6299166679382324 50
1734389339876 0.625333309173584 51
1734389771136 0.6333333253860474 52
