1734367461902 0.7156840562820435 0
1734367890593 0.7006125450134277 1
1734368319432 0.6995628476142883 2
1734368748421 0.6987017393112183 3
1734369177356 0.6986250281333923 4
1734369605957 0.6970534920692444 5
1734370034845 0.6964647769927979 6
1734370463845 0.6971838474273682 7
1734370892599 0.69561368227005 8
1734371321250 0.6964845657348633 9
1734371749968 0.6940221190452576 10
1734372178772 0.6944972276687622 11
1734372607438 0.6936667561531067 12
1734373036225 0.6939205527305603 13
1734373464894 0.6929646730422974 14
1734373893647 0.6935836672782898 15
1734374322399 0.6915196776390076 16
1734374751184 0.6901026964187622 17
1734375180138 0.6913026571273804 18
1734375609190 0.6909980177879333 19
1734376038278 0.6903306245803833 20
1734376467080 0.6884040236473083 21
1734376895866 0.6869153380393982 22
1734377324786 0.6868368983268738 23
1734377754851 0.6866597533226013 24
1734378186050 0.6869045495986938 25
1734378617122 0.6858340501785278 26
1734379048684 0.684269368648529 27
1734379480261 0.6833741068840027 28
1734379911628 0.6823997497558594 29
1734380338515 0.6796450018882751 30
1734380765513 0.677480161190033 31
1734381192366 0.6790264248847961 32
1734381619386 0.6727856993675232 33
1734382046308 0.6730794906616211 34
1734382473152 0.6684216260910034 35
1734382900151 0.6679027676582336 36
1734383327257 0.6659802794456482 37
1734383754212 0.6628103256225586 38
1734384185266 0.6583183407783508 39
1734384616619 0.6511244773864746 40
1734385046058 0.6457728743553162 41
1734385475407 0.644549548625946 42
1734385903551 0.6389333009719849 43
1734386331742 0.6357293725013733 44
1734386759559 0.6316697001457214 45
1734387188746 0.6287438273429871 46
1734387622569 0.6242967844009399 47
1734388052189 0.6211563944816589 48
1734388481633 0.6121208667755127 49
1734388910835 0.6105841994285583 50
1734389339876 0.6077761054039001 51
1734389771136 0.6042975783348083 52
