1733931689880 0.484499990940094 0
1733931804361 0.49924999475479126 1
1733931919771 0.5008333325386047 2
1733932033015 0.5090833306312561 3
1733932148869 0.5060833096504211 4
1733932265852 0.5184166431427002 5
1733932379325 0.5215833187103271 6
1733932496241 0.5272499918937683 7
1733932610732 0.5356666445732117 8
1733932720332 0.5411666631698608 9
1733932828224 0.549833357334137 10
1733932937007 0.5489166378974915 11
1733933050506 0.5546666383743286 12
1733933161076 0.559249997138977 13
1733933268369 0.5584999918937683 14
1733933386101 0.5644999742507935 15
1733933496943 0.5673333406448364 16
1733933605190 0.5799166560173035 17
1733933718816 0.5770000219345093 18
1733933826302 0.5769166946411133 19
1733933938179 0.5808333158493042 20
1733934054782 0.5909166932106018 21
1733934161735 0.5878333449363708 22
1733934273560 0.5885000228881836 23
1733934387762 0.5885000228881836 24
1733934500633 0.5910833477973938 25
1733934615303 0.593416690826416 26
1733934722520 0.5988333225250244 27
1733934835982 0.6085000038146973 28
1733934945417 0.6047499775886536 29
1733935046380 0.6046666502952576 30
1733935154559 0.612666666507721 31
1733935269037 0.609666645526886 32
1733935378870 0.6040833592414856 33
1733935491066 0.606333315372467 34
1733935603639 0.6112499833106995 35
1733935713106 0.6112499833106995 36
1733935826572 0.6085000038146973 37
1733935935016 0.6110833287239075 38
1733936049827 0.6214166879653931 39
1733936159324 0.6119166612625122 40
1733936269694 0.6190833449363708 41
1733936380416 0.6193333268165588 42
1733936497245 0.6148333549499512 43
1733936607864 0.6170833110809326 44
1733936716521 0.6140000224113464 45
1733936834211 0.6194166541099548 46
1733936945883 0.6191666722297668 47
1733937055470 0.6274999976158142 48
1733937169785 0.625249981880188 49
1733937281380 0.6209166646003723 50
1733937392952 0.6194999814033508 51
1733937505410 0.625083327293396 52
1733937620338 0.6262500286102295 53
1733937731069 0.6240000128746033 54
1733937842949 0.6299166679382324 55
1733937958648 0.6222500205039978 56
1733938072942 0.6295833587646484 57
1733938182877 0.628250002861023 58
1733938292948 0.6297500133514404 59
1733938403788 0.6274999976158142 60
1733938518424 0.6227499842643738 61
1733938627391 0.6316666603088379 62
1733938741191 0.6305833458900452 63
1733938852998 0.6262500286102295 64
1733938965708 0.6326666474342346 65
1733939077810 0.6297500133514404 66
1733939193081 0.6320000290870667 67
1733939306353 0.6315833330154419 68
1733939416505 0.6328333616256714 69
1733939529576 0.6365000009536743 70
1733939638593 0.6332499980926514 71
1733939751916 0.6320833563804626 72
1733939865412 0.6312500238418579 73
1733939975641 0.6339166760444641 74
1733940087422 0.6380833387374878 75
1733940200732 0.6339166760444641 76
1733940315530 0.6333333253860474 77
1733940428380 0.637416660785675 78
1733940541487 0.6315833330154419 79
1733940654539 0.6423333287239075 80
1733940767151 0.6324999928474426 81
1733940880619 0.6425833106040955 82
1733940990237 0.6392499804496765 83
1733941100322 0.6445833444595337 84
1733941207702 0.6340833306312561 85
1733941324404 0.6433333158493042 86
1733941440672 0.6415833234786987 87
1733941552503 0.640666663646698 88
1733941662265 0.6337500214576721 89
1733941775263 0.6372500061988831 90
1733941885914 0.6421666741371155 91
1733941997672 0.6418333053588867 92
1733942112819 0.6452500224113464 93
1733942224110 0.6504999995231628 94
1733942338472 0.6460833549499512 95
1733942447432 0.6396666765213013 96
1733942561190 0.6442499756813049 97
1733942672853 0.6421666741371155 98
1733942785906 0.6384999752044678 99
1733942899671 0.640583336353302 100
1733943013379 0.6416666507720947 101
1733943128873 0.6440833210945129 102
1733943241634 0.6480000019073486 103
1733943354308 0.6443333625793457 104
1733943465187 0.653083324432373 105
1733943581538 0.6614166498184204 106
