1733931689880 0.7266003489494324 0
1733931804361 0.7121572494506836 1
1733931919771 0.7119328379631042 2
1733932033015 0.7104493975639343 3
1733932148869 0.7095234394073486 4
1733932265852 0.7069403529167175 5
1733932379325 0.7049401998519897 6
1733932496241 0.7036709189414978 7
1733932610732 0.7021392583847046 8
1733932720332 0.700421154499054 9
1733932828224 0.6972936391830444 10
1733932937007 0.6965115666389465 11
1733933050506 0.6946837306022644 12
1733933161076 0.692516028881073 13
1733933268369 0.6901064515113831 14
1733933386101 0.6884537935256958 15
1733933496943 0.6867261528968811 16
1733933605190 0.6787700653076172 17
1733933718816 0.6742611527442932 18
1733933826302 0.675451397895813 19
1733933938179 0.6702193021774292 20
1733934054782 0.6650482416152954 21
1733934161735 0.6623243689537048 22
1733934273560 0.6624329686164856 23
1733934387762 0.661191463470459 24
1733934500633 0.6593774557113647 25
1733934615303 0.6567699909210205 26
1733934722520 0.6519684195518494 27
1733934835982 0.6467605829238892 28
1733934945417 0.6481775045394897 29
1733935046380 0.6512223482131958 30
1733935154559 0.6445780992507935 31
1733935269037 0.6462491750717163 32
1733935378870 0.6463022232055664 33
1733935491066 0.6472495794296265 34
1733935603639 0.6447057127952576 35
1733935713106 0.6425179839134216 36
1733935826572 0.6400404572486877 37
1733935935016 0.6451172232627869 38
1733936049827 0.6356164813041687 39
1733936159324 0.6392927169799805 40
1733936269694 0.6363150477409363 41
1733936380416 0.6338150501251221 42
1733936497245 0.6405597925186157 43
1733936607864 0.6357846856117249 44
1733936716521 0.6321932077407837 45
1733936834211 0.6345152854919434 46
1733936945883 0.6345672011375427 47
1733937055470 0.6299490928649902 48
1733937169785 0.6332276463508606 49
1733937281380 0.632057785987854 50
1733937392952 0.632053792476654 51
1733937505410 0.6289653778076172 52
1733937620338 0.6298993825912476 53
1733937731069 0.626251757144928 54
1733937842949 0.6288987994194031 55
1733937958648 0.6342471837997437 56
1733938072942 0.6267267465591431 57
1733938182877 0.6278932094573975 58
1733938292948 0.6224455833435059 59
1733938403788 0.6220757365226746 60
1733938518424 0.6263193488121033 61
1733938627391 0.6245165467262268 62
1733938741191 0.6203941702842712 63
1733938852998 0.6241135597229004 64
1733938965708 0.6235275268554688 65
1733939077810 0.6237998008728027 66
1733939193081 0.6218656301498413 67
1733939306353 0.623516321182251 68
1733939416505 0.6200069189071655 69
1733939529576 0.6177831292152405 70
1733939638593 0.620964527130127 71
1733939751916 0.6200288534164429 72
1733939865412 0.6221603155136108 73
1733939975641 0.6182140111923218 74
1733940087422 0.6164122819900513 75
1733940200732 0.616938054561615 76
1733940315530 0.6145035624504089 77
1733940428380 0.6159871816635132 78
1733940541487 0.6149458885192871 79
1733940654539 0.6166213154792786 80
1733940767151 0.6171100735664368 81
1733940880619 0.6127148270606995 82
1733940990237 0.6168792843818665 83
1733941100322 0.6126795411109924 84
1733941207702 0.6149377226829529 85
1733941324404 0.610346794128418 86
1733941440672 0.6132224798202515 87
1733941552503 0.611645519733429 88
1733941662265 0.6106928586959839 89
1733941775263 0.6108409762382507 90
1733941885914 0.6095617413520813 91
1733941997672 0.6091669797897339 92
1733942112819 0.6072921752929688 93
1733942224110 0.6086313724517822 94
1733942338472 0.6073525547981262 95
1733942447432 0.6084623336791992 96
1733942561190 0.6088711023330688 97
1733942672853 0.6068150997161865 98
1733942785906 0.6126046776771545 99
1733942899671 0.6100243330001831 100
1733943013379 0.607794463634491 101
1733943128873 0.6057911515235901 102
1733943241634 0.6104096174240112 103
1733943354308 0.6084415912628174 104
1733943465187 0.6051141619682312 105
1733943581538 0.5977736711502075 106
