1732773033910 0.4946666657924652 0
1732773444463 0.5013333559036255 1
1732773855810 0.4935833215713501 2
1732774268360 0.5115833282470703 3
1732774678885 0.48766666650772095 4
1732775084022 0.4987500011920929 5
1732775490612 0.48891666531562805 6
1732775896990 0.48883333802223206 7
1732776305309 0.4937500059604645 8
1732776711715 0.4938333332538605 9
1732777116261 0.4963333308696747 10
1732777522123 0.5049166679382324 11
1732777926867 0.5073333382606506 12
1732778332916 0.5447499752044678 13
1732778738603 0.5730000138282776 14
1732779143094 0.5835000276565552 15
1732779549603 0.5960833430290222 16
1732779956658 0.609000027179718 17
1732780363240 0.6082500219345093 18
1732780770040 0.6085833311080933 19
1732781176641 0.6225833296775818 20
1732781583472 0.6255000233650208 21
1732781990026 0.6165833473205566 22
1732782396193 0.6335833072662354 23
1732782802280 0.6397500038146973 24
1732783208546 0.6395000219345093 25
1732783614728 0.640333354473114 26
1732784021918 0.6461666822433472 27
1732784428516 0.6534166932106018 28
1732784835143 0.6576666831970215 29
1732785239646 0.6625833511352539 30
1732785645010 0.6684166789054871 31
1732786050896 0.6725000143051147 32
1732786456236 0.6696666479110718 33
1732786862250 0.6800833344459534 34
1732787268253 0.6826666593551636 35
1732787674014 0.6882500052452087 36
1732788080033 0.6849166750907898 37
1732788486805 0.7013333439826965 38
1732788892377 0.699999988079071 39
1732789299048 0.7011666893959045 40
1732789704660 0.7053333520889282 41
1732790110326 0.70333331823349 42
1732790516610 0.7161666750907898 43
1732790922789 0.7195833325386047 44
1732791328991 0.7142500281333923 45
1732791734654 0.7279999852180481 46
1732792139875 0.7248333096504211 47
1732792545217 0.7279166579246521 48
1732792951203 0.7353333234786987 49
1732793357230 0.7417500019073486 50
1732793762973 0.7420833110809326 51
1732794169224 0.737416684627533 52
1732794575466 0.7387499809265137 53
1732794981590 0.7482500076293945 54
1732795388411 0.7524166703224182 55
1732795795303 0.7551666498184204 56
1732796201118 0.7601666450500488 57
1732796607255 0.7571666836738586 58
1732797013329 0.7591666579246521 59
1732797419538 0.762416660785675 60
1732797826145 0.7638333439826965 61
1732798232315 0.7639166712760925 62
1732798638919 0.7713333368301392 63
1732799044821 0.7693333625793457 64
1732799450490 0.7743333578109741 65
1732799857563 0.7767500281333923 66
1732800265361 0.7764999866485596 67
1732800675530 0.7775833606719971 68
1732801084434 0.7840833067893982 69
1732801490184 0.7854166626930237 70
1732801896819 0.7796666622161865 71
1732802302885 0.7854166626930237 72
1732802709240 0.7822499871253967 73
1732803115796 0.7861666679382324 74
1732803522178 0.7900833487510681 75
1732803928677 0.7929999828338623 76
1732804339029 0.7978333234786987 77
1732804749430 0.799833357334137 78
1732805159053 0.8020833134651184 79
1732805571068 0.796916663646698 80
1732805981965 0.799916684627533 81
1732806392653 0.8031666874885559 82
