1732773033910 1.0828919410705566 0
1732773444463 0.972925066947937 1
1732773855810 0.9447281956672668 2
1732774268360 0.9230062365531921 3
1732774678885 0.908650815486908 4
1732775084022 0.893247663974762 5
1732775490612 0.8814181089401245 6
1732775896990 0.8698911070823669 7
1732776305309 0.8585427403450012 8
1732776711715 0.8494095802307129 9
1732777116261 0.8395475149154663 10
1732777522123 0.831028163433075 11
1732777926867 0.8221181631088257 12
1732778332916 0.8083282709121704 13
1732778738603 0.7934322953224182 14
1732779143094 0.7815396189689636 15
1732779549603 0.7669476866722107 16
1732779956658 0.7513411641120911 17
1732780363240 0.7397326827049255 18
1732780770040 0.729284405708313 19
1732781176641 0.7163038849830627 20
1732781583472 0.7058184146881104 21
1732781990026 0.7094555497169495 22
1732782396193 0.686580240726471 23
1732782802280 0.6755699515342712 24
1732783208546 0.6730649471282959 25
1732783614728 0.6683893799781799 26
1732784021918 0.656498908996582 27
1732784428516 0.652320921421051 28
1732784835143 0.6442239880561829 29
1732785239646 0.637873113155365 30
1732785645010 0.6239684820175171 31
1732786050896 0.6186544895172119 32
1732786456236 0.6199756264686584 33
1732786862250 0.6038005352020264 34
1732787268253 0.6031513214111328 35
1732787674014 0.6020428538322449 36
1732788080033 0.6001575589179993 37
1732788486805 0.585652768611908 38
1732788892377 0.5798171162605286 39
1732789299048 0.5739211440086365 40
1732789704660 0.5741364359855652 41
1732790110326 0.5700996518135071 42
1732790516610 0.5574418902397156 43
1732790922789 0.5574193000793457 44
1732791328991 0.5619097352027893 45
1732791734654 0.5460121035575867 46
1732792139875 0.5485064387321472 47
1732792545217 0.5410379767417908 48
1732792951203 0.5387412309646606 49
1732793357230 0.5292062163352966 50
1732793762973 0.5276440978050232 51
1732794169224 0.5345048308372498 52
1732794575466 0.5280084013938904 53
1732794981590 0.5248113870620728 54
1732795388411 0.5186451077461243 55
1732795795303 0.511461615562439 56
1732796201118 0.5024604797363281 57
1732796607255 0.5032232999801636 58
1732797013329 0.5072645545005798 59
1732797419538 0.5077868700027466 60
1732797826145 0.5071380734443665 61
1732798232315 0.49680304527282715 62
1732798638919 0.49561014771461487 63
1732799044821 0.49111270904541016 64
1732799450490 0.49004167318344116 65
1732799857563 0.48914802074432373 66
1732800265361 0.47826677560806274 67
1732800675530 0.48608317971229553 68
1732801084434 0.4803692102432251 69
1732801490184 0.47760865092277527 70
1732801896819 0.48167720437049866 71
1732802302885 0.4715079367160797 72
1732802709240 0.48077914118766785 73
1732803115796 0.4727596938610077 74
1732803522178 0.470641553401947 75
1732803928677 0.47511905431747437 76
1732804339029 0.46206942200660706 77
1732804749430 0.46207189559936523 78
1732805159053 0.4526292681694031 79
1732805571068 0.46697166562080383 80
1732805981965 0.4594757854938507 81
1732806392653 0.45385420322418213 82
