1732119057285 0.5040000081062317 0
1732119462803 0.4945000112056732 1
1732119867597 0.5046666860580444 2
1732120272517 0.49783334136009216 3
1732120678223 0.492166668176651 4
1732121082457 0.49916666746139526 5
1732121488314 0.5100833177566528 6
1732121891136 0.5192499756813049 7
1732122296699 0.5209166407585144 8
1732122702187 0.5265833139419556 9
1732123107692 0.5390833616256714 10
1732123514033 0.5455833077430725 11
1732123918477 0.5615000128746033 12
1732124322510 0.5836666822433472 13
1732124727436 0.5845000147819519 14
1732125131670 0.6008333563804626 15
1732125536087 0.5991666913032532 16
1732125940555 0.6088333129882812 17
1732126345885 0.6195833086967468 18
