1732119057285 1.414707899093628 0
1732119462803 1.1647722721099854 1
1732119867597 1.0506166219711304 2
1732120272517 1.0107065439224243 3
1732120678223 0.9842641353607178 4
1732121082457 0.9549286961555481 5
1732121488314 0.9331333041191101 6
1732121891136 0.9138550758361816 7
1732122296699 0.9019055366516113 8
1732122702187 0.8816591501235962 9
1732123107692 0.8654944896697998 10
1732123514033 0.854508638381958 11
1732123918477 0.837168276309967 12
1732124322510 0.8152346014976501 13
1732124727436 0.7986290454864502 14
1732125131670 0.7863631248474121 15
1732125536087 0.778565526008606 16
1732125940555 0.7662538886070251 17
1732126345885 0.7483475208282471 18
