1733890075721 0.500083327293396 0
1733890183228 0.5018333196640015 1
1733890294675 0.503000020980835 2
1733890406500 0.5080000162124634 3
1733890530361 0.5094166398048401 4
1733890641711 0.5109999775886536 5
1733890755866 0.5163333415985107 6
1733890868303 0.5192499756813049 7
1733890982984 0.5295000076293945 8
1733891094960 0.5374166369438171 9
1733891206102 0.5400833487510681 10
1733891310227 0.5425000190734863 11
1733891418251 0.5528333187103271 12
1733891533416 0.5583333373069763 13
1733891646280 0.5588333606719971 14
1733891748141 0.5573333501815796 15
1733891846495 0.5659166574478149 16
1733891944043 0.562166690826416 17
1733892042522 0.5758333206176758 18
1733892141368 0.5701666474342346 19
1733892240130 0.578416645526886 20
1733892338384 0.5835000276565552 21
1733892437698 0.5828333497047424 22
1733892535848 0.5824999809265137 23
1733892633566 0.5844166874885559 24
1733892732352 0.5924999713897705 25
1733892831097 0.5925833582878113 26
1733892930060 0.5916666388511658 27
1733893028581 0.5951666831970215 28
1733893126998 0.5885833501815796 29
1733893225469 0.5987499952316284 30
1733893324104 0.5943333506584167 31
1733893422866 0.6029999852180481 32
1733893521688 0.5924166440963745 33
1733893620332 0.5978333353996277 34
1733893719051 0.5979999899864197 35
1733893817572 0.593833327293396 36
1733893916307 0.5964166522026062 37
1733894014727 0.6006666421890259 38
1733894113071 0.6039166450500488 39
1733894211381 0.6025833487510681 40
1733894309480 0.6053333282470703 41
1733894407957 0.6020833253860474 42
1733894506067 0.6119999885559082 43
1733894604136 0.6076666712760925 44
1733894702854 0.6109166741371155 45
1733894801147 0.6087499856948853 46
1733894900779 0.609666645526886 47
