1733890075721 0.7237826585769653 0
1733890183228 0.7127139568328857 1
1733890294675 0.7113339304924011 2
1733890406500 0.7104634046554565 3
1733890530361 0.7095796465873718 4
1733890641711 0.7095015645027161 5
1733890755866 0.7077838778495789 6
1733890868303 0.7061320543289185 7
1733890982984 0.7031432390213013 8
1733891094960 0.7016779780387878 9
1733891206102 0.7017935514450073 10
1733891310227 0.6976315379142761 11
1733891418251 0.695370614528656 12
1733891533416 0.6934565305709839 13
1733891646280 0.6922248601913452 14
1733891748141 0.6885113716125488 15
1733891846495 0.6856198906898499 16
1733891944043 0.6856978535652161 17
1733892042522 0.6820065379142761 18
1733892141368 0.6815018057823181 19
1733892240130 0.6789607405662537 20
1733892338384 0.6774347424507141 21
1733892437698 0.674111545085907 22
1733892535848 0.6745275855064392 23
1733892633566 0.6733726859092712 24
1733892732352 0.6702489256858826 25
1733892831097 0.6676809787750244 26
1733892930060 0.6667336225509644 27
1733893028581 0.6634047627449036 28
1733893126998 0.6646032929420471 29
1733893225469 0.6636897921562195 30
1733893324104 0.659406840801239 31
1733893422866 0.6570354104042053 32
1733893521688 0.6596080660820007 33
1733893620332 0.6536155343055725 34
1733893719051 0.6548933386802673 35
1733893817572 0.6516819000244141 36
1733893916307 0.6505354642868042 37
1733894014727 0.6454619765281677 38
1733894113071 0.6433875560760498 39
1733894211381 0.6432735919952393 40
1733894309480 0.6430309414863586 41
1733894407957 0.6457132697105408 42
1733894506067 0.6372882723808289 43
1733894604136 0.640180766582489 44
1733894702854 0.6373996734619141 45
1733894801147 0.6370909214019775 46
1733894900779 0.6355654001235962 47
