1732391785455 0.4950000047683716 0
1732392191120 0.5055000185966492 1
1732392594305 0.5109999775886536 2
1732392996292 0.5249999761581421 3
1732393399676 0.5300833582878113 4
1732393802321 0.5401666760444641 5
1732394205851 0.5636666417121887 6
1732394609265 0.5845833420753479 7
1732395012445 0.5877500176429749 8
1732395415240 0.5973333120346069 9
1732395818771 0.6069166660308838 10
1732396222870 0.6203333139419556 11
1732396626919 0.6169999837875366 12
1732397030433 0.6259999871253967 13
1732397433780 0.628083348274231 14
1732397838297 0.6424166560173035 15
1732398241610 0.6445833444595337 16
1732398644070 0.6411666870117188 17
1732399046892 0.6433333158493042 18
1732399450245 0.6499166488647461 19
1732399853283 0.6503333449363708 20
1732400256235 0.6516666412353516 21
1732400659475 0.6598333120346069 22
1732401061774 0.668749988079071 23
1732401464879 0.671583354473114 24
1732401868215 0.671833336353302 25
1732402270853 0.6791666746139526 26
1732402673479 0.6880000233650208 27
1732403076281 0.6885833144187927 28
1732403479001 0.7043333053588867 29
1732403881969 0.7092499732971191 30
1732404284998 0.718833327293396 31
1732404687116 0.7164166569709778 32
1732405090168 0.7182499766349792 33
1732405492477 0.7230833172798157 34
1732405894937 0.731166660785675 35
1732406297707 0.7396666407585144 36
1732406699973 0.7418333292007446 37
1732407102131 0.7439166903495789 38
1732407503671 0.7559999823570251 39
1732407905462 0.7599999904632568 40
1732408306349 0.7598333358764648 41
1732408708935 0.7585833072662354 42
1732409111318 0.7649999856948853 43
1732409512874 0.7677500247955322 44
1732409914297 0.7683333158493042 45
1732410316104 0.7748333215713501 46
1732410717704 0.7816666960716248 47
1732411119233 0.7822499871253967 48
1732411520856 0.7753333449363708 49
1732411922680 0.7867500185966492 50
1732412325558 0.7860000133514404 51
1732412727030 0.7930833101272583 52
1732413129088 0.7948333621025085 53
1732413530611 0.7878333330154419 54
1732413932179 0.796583354473114 55
1732414333757 0.796833336353302 56
1732414735648 0.8030833601951599 57
1732415137354 0.7997499704360962 58
1732415538956 0.8022500276565552 59
1732415940604 0.8039166927337646 60
1732416342023 0.8040000200271606 61
1732416743471 0.8083333373069763 62
1732417144729 0.8037499785423279 63
1732417545379 0.8153333067893982 64
1732417946157 0.8084999918937683 65
1732418346990 0.8084999918937683 66
1732418747719 0.8130833506584167 67
1732419149210 0.8133333325386047 68
1732419550316 0.8200833201408386 69
1732419952042 0.8202499747276306 70
1732420353282 0.8169166445732117 71
1732420754806 0.8119999766349792 72
1732421155912 0.8224166631698608 73
1732421557313 0.8205000162124634 74
1732421958385 0.8179166913032532 75
1732422359240 0.8230000138282776 76
1732422760681 0.8224999904632568 77
1732423162406 0.8234166502952576 78
1732423561762 0.8238333463668823 79
1732423960570 0.8290833234786987 80
1732424360360 0.825083315372467 81
1732424760212 0.8318333625793457 82
1732425160224 0.8321666717529297 83
1732425559930 0.8295000195503235 84
1732425959865 0.8299166560173035 85
1732426359743 0.8298333287239075 86
1732426759667 0.8264999985694885 87
1732427159228 0.8334166407585144 88
1732427559229 0.8330000042915344 89
1732427958919 0.8386666774749756 90
1732428358714 0.8370000123977661 91
1732428758554 0.8320000171661377 92
1732429158722 0.8309999704360962 93
1732429558416 0.8372499942779541 94
1732429958306 0.8326666951179504 95
1732430358419 0.8428333401679993 96
1732430758442 0.8381666541099548 97
1732431158176 0.8413333296775818 98
1732431558562 0.846916675567627 99
1732431958723 0.8410833477973938 100
1732432358731 0.8366666436195374 101
1732432759067 0.8383333086967468 102
1732433159268 0.8373333215713501 103
1732433559363 0.8359166383743286 104
1732433959598 0.8397499918937683 105
1732434359583 0.8479166626930237 106
1732434759500 0.8420833349227905 107
1732435159584 0.8484166860580444 108
1732435559586 0.8419166803359985 109
1732435959368 0.8452500104904175 110
1732436359259 0.8504999876022339 111
1732436759293 0.8538333177566528 112
1732437159171 0.8500833511352539 113
1732437559161 0.8517500162124634 114
1732437959196 0.8475000262260437 115
1732438359129 0.8462499976158142 116
1732438759013 0.8503333330154419 117
1732439158873 0.8516666889190674 118
1732439559015 0.8518333435058594 119
1732439958865 0.8481666445732117 120
1732440358682 0.8536666631698608 121
1732440758582 0.8532500267028809 122
1732441158092 0.8489166498184204 123
1732441557129 0.8541666865348816 124
1732441957063 0.8521666526794434 125
1732442356929 0.856083333492279 126
1732442756830 0.8565000295639038 127
1732443156540 0.8557500243186951 128
1732443556430 0.8539999723434448 129
1732443956196 0.8538333177566528 130
1732444355940 0.8547499775886536 131
1732444755907 0.8546666502952576 132
1732445155507 0.8575000166893005 133
1732445555289 0.8622499704360962 134
1732445955230 0.8494166731834412 135
1732446354963 0.8534166812896729 136
1732446754478 0.8603333234786987 137
1732447154479 0.8565000295639038 138
1732447554530 0.8584166765213013 139
1732447953979 0.8548333048820496 140
1732448353811 0.8554166555404663 141
1732448753918 0.8615000247955322 142
1732449153647 0.8635833263397217 143
1732449552884 0.8643333315849304 144
1732449952848 0.859666645526886 145
1732450352316 0.8629166483879089 146
1732450751907 0.8662499785423279 147
1732451151710 0.8618333339691162 148
1732451551401 0.862666666507721 149
1732451950976 0.8643333315849304 150
1732452350378 0.8639166951179504 151
1732452750290 0.8693333268165588 152
1732453150215 0.8657500147819519 153
1732453549874 0.8665000200271606 154
1732453949911 0.8642500042915344 155
1732454350467 0.8690833449363708 156
1732454752944 0.859499990940094 157
1732455156032 0.8627499938011169 158
1732455555670 0.8689166903495789 159
1732455955560 0.8679999709129333 160
1732456355740 0.8676666617393494 161
1732456755640 0.8668333292007446 162
1732457155449 0.8609166741371155 163
1732457555475 0.8675000071525574 164
1732457955610 0.8756666779518127 165
1732458355589 0.8700833320617676 166
1732458755872 0.8652499914169312 167
1732459156184 0.874666690826416 168
1732459556388 0.8669999837875366 169
1732459956591 0.8611666560173035 170
1732460357038 0.862583339214325 171
1732460757373 0.8678333163261414 172
1732461157691 0.8722500205039978 173
1732461558265 0.8665000200271606 174
1732461958480 0.8700833320617676 175
1732462358863 0.8670833110809326 176
1732462759546 0.8669166564941406 177
1732463160037 0.8690833449363708 178
1732463560157 0.8730000257492065 179
1732463960313 0.8675833344459534 180
1732464360682 0.8723333477973938 181
1732464760753 0.8689166903495789 182
1732465160854 0.8695833086967468 183
1732465561198 0.8691666722297668 184
1732465961309 0.8734166622161865 185
1732466361318 0.8722500205039978 186
1732466761778 0.8757500052452087 187
1732467162032 0.8688333630561829 188
1732467562196 0.8725833296775818 189
1732467962917 0.871666669845581 190
1732468363381 0.8763333559036255 191
1732468763506 0.8761666417121887 192
1732469163940 0.8698333501815796 193
1732469564238 0.8734999895095825 194
1732469964506 0.8729166388511658 195
1732470364762 0.8728333115577698 196
1732470765159 0.874666690826416 197
1732471165426 0.871833324432373 198
1732471565682 0.874666690826416 199
1732471966189 0.871916651725769 200
1732472366747 0.8784166574478149 201
1732472767460 0.8796666860580444 202
1732473168317 0.8774166703224182 203
1732473569219 0.8732500076293945 204
1732473969926 0.8832499980926514 205
1732474370615 0.8730000257492065 206
1732474771445 0.8786666393280029 207
1732475171927 0.8778333067893982 208
1732475572606 0.8772500157356262 209
1732475973647 0.8815000057220459 210
1732476377161 0.8742499947547913 211
1732476781131 0.8731666803359985 212
1732477186186 0.8796666860580444 213
1732477590793 0.8759999871253967 214
1732477994771 0.8771666884422302 215
1732478398930 0.8790000081062317 216
1732478803239 0.8802499771118164 217
1732479207269 0.8813333511352539 218
1732479613248 0.8771666884422302 219
1732480017391 0.8772500157356262 220
1732480422019 0.8770833611488342 221
1732480826186 0.8729166388511658 222
1732481230683 0.877916693687439 223
1732481635229 0.878166675567627 224
1732482038909 0.878083348274231 225
1732482442787 0.8728333115577698 226
1732482848847 0.8758333325386047 227
1732483253716 0.8797500133514404 228
1732483659449 0.8765833377838135 229
1732484064632 0.8802499771118164 230
1732484470000 0.8790000081062317 231
1732484876143 0.8809166550636292 232
1732485281474 0.8829166889190674 233
1732485687546 0.8819166421890259 234
1732486093079 0.8835833072662354 235
1732486498639 0.8784999847412109 236
1732486904194 0.8742499947547913 237
1732487309514 0.8804166913032532 238
1732487715096 0.8825833201408386 239
1732488120817 0.8788333535194397 240
1732488526638 0.8857499957084656 241
1732488931104 0.8833333253860474 242
1732489332768 0.8741666674613953 243
1732489734727 0.8801666498184204 244
1732490136611 0.887416660785675 245
