1732391785455 1.0342259407043457 0
1732392191120 0.9828935265541077 1
1732392594305 0.9502217769622803 2
1732392996292 0.9259097576141357 3
1732393399676 0.9067193865776062 4
1732393802321 0.8889704346656799 5
1732394205851 0.8673092722892761 6
1732394609265 0.8462453484535217 7
1732395012445 0.8283374905586243 8
1732395415240 0.8133898377418518 9
1732395818771 0.7944033145904541 10
1732396222870 0.7736936807632446 11
1732396626919 0.7695263624191284 12
1732397030433 0.7514840364456177 13
1732397433780 0.7441422343254089 14
1732397838297 0.726214587688446 15
1732398241610 0.7183133363723755 16
1732398644070 0.7132876515388489 17
1732399046892 0.6966290473937988 18
1732399450245 0.6907390356063843 19
1732399853283 0.6816391348838806 20
1732400256235 0.6681199073791504 21
1732400659475 0.6642918586730957 22
1732401061774 0.6483067870140076 23
1732401464879 0.636109471321106 24
1732401868215 0.6345988512039185 25
1732402270853 0.627596378326416 26
1732402673479 0.6174681186676025 27
1732403076281 0.612764298915863 28
1732403479001 0.599272608757019 29
1732403881969 0.5941625237464905 30
1732404284998 0.5782340168952942 31
1732404687116 0.5843763947486877 32
1732405090168 0.5720651745796204 33
1732405492477 0.5604473948478699 34
1732405894937 0.5581105351448059 35
1732406297707 0.5463846921920776 36
1732406699973 0.5441287159919739 37
1732407102131 0.5389063954353333 38
1732407503671 0.521828830242157 39
1732407905462 0.5152233242988586 40
1732408306349 0.5173547863960266 41
1732408708935 0.51896071434021 42
1732409111318 0.513480007648468 43
1732409512874 0.5048998594284058 44
1732409914297 0.5031871795654297 45
1732410316104 0.49773716926574707 46
1732410717704 0.4871848523616791 47
1732411119233 0.4841392934322357 48
1732411520856 0.49083903431892395 49
1732411922680 0.4812687635421753 50
1732412325558 0.4739043116569519 51
1732412727030 0.4749509394168854 52
1732413129088 0.4741933047771454 53
1732413530611 0.4767208695411682 54
1732413932179 0.4650272727012634 55
1732414333757 0.4672955870628357 56
1732414735648 0.45465803146362305 57
1732415137354 0.45560139417648315 58
1732415538956 0.4555773138999939 59
1732415940604 0.45321375131607056 60
1732416342023 0.44985926151275635 61
1732416743471 0.4549151062965393 62
1732417144729 0.4554956555366516 63
1732417545379 0.444326251745224 64
1732417946157 0.45364466309547424 65
1732418346990 0.45257648825645447 66
1732418747719 0.4488964080810547 67
1732419149210 0.44568192958831787 68
1732419550316 0.4437423050403595 69
1732419952042 0.43610212206840515 70
1732420353282 0.4390077292919159 71
1732420754806 0.44629406929016113 72
1732421155912 0.43285420536994934 73
1732421557313 0.431847482919693 74
1732421958385 0.4408583641052246 75
1732422359240 0.42795345187187195 76
1732422760681 0.4322904944419861 77
1732423162406 0.43612706661224365 78
1732423561762 0.43577995896339417 79
1732423960570 0.4296855330467224 80
1732424360360 0.4263734221458435 81
1732424760212 0.4278756082057953 82
1732425160224 0.4229004979133606 83
1732425559930 0.4281754493713379 84
1732425959865 0.4304821789264679 85
1732426359743 0.4305005967617035 86
1732426759667 0.43515118956565857 87
1732427159228 0.4187871217727661 88
1732427559229 0.42298173904418945 89
1732427958919 0.4172498881816864 90
1732428358714 0.42278093099594116 91
1732428758554 0.417878121137619 92
1732429158722 0.42948901653289795 93
1732429558416 0.4237043559551239 94
1732429958306 0.4259258508682251 95
1732430358419 0.4151903986930847 96
1732430758442 0.41972729563713074 97
1732431158176 0.4183729290962219 98
1732431558562 0.4045613706111908 99
1732431958723 0.42165258526802063 100
1732432358731 0.4227291941642761 101
1732432759067 0.41945528984069824 102
1732433159268 0.4256221652030945 103
1732433559363 0.4216999113559723 104
1732433959598 0.4191094636917114 105
1732434359583 0.41036027669906616 106
1732434759500 0.42455217242240906 107
1732435159584 0.4042961001396179 108
1732435559586 0.4193865954875946 109
1732435959368 0.4194946587085724 110
1732436359259 0.40714678168296814 111
1732436759293 0.40637409687042236 112
1732437159171 0.40766963362693787 113
1732437559161 0.4051496088504791 114
1732437959196 0.41177594661712646 115
1732438359129 0.40714505314826965 116
1732438759013 0.4073491096496582 117
1732439158873 0.4106422960758209 118
1732439559015 0.41065287590026855 119
1732439958865 0.4191969037055969 120
1732440358682 0.4058530628681183 121
1732440758582 0.4032028019428253 122
1732441158092 0.4126654863357544 123
1732441557129 0.4038981795310974 124
1732441957063 0.40124109387397766 125
1732442356929 0.40737321972846985 126
1732442756830 0.4043098986148834 127
1732443156540 0.3988925814628601 128
1732443556430 0.4062471091747284 129
1732443956196 0.4080713391304016 130
1732444355940 0.39950963854789734 131
1732444755907 0.40275463461875916 132
1732445155507 0.3982297480106354 133
1732445555289 0.3996807336807251 134
1732445955230 0.4079315960407257 135
1732446354963 0.41250643134117126 136
1732446754478 0.39978405833244324 137
1732447154479 0.40405920147895813 138
1732447554530 0.39758560061454773 139
1732447953979 0.4139060974121094 140
1732448353811 0.40380755066871643 141
1732448753918 0.409020334482193 142
1732449153647 0.4021093249320984 143
1732449552884 0.3928075432777405 144
1732449952848 0.4034636914730072 145
1732450352316 0.3997786343097687 146
1732450751907 0.38764265179634094 147
1732451151710 0.39882534742355347 148
1732451551401 0.3981652855873108 149
1732451950976 0.39726847410202026 150
1732452350378 0.4057536721229553 151
1732452750290 0.39455679059028625 152
1732453150215 0.3922514319419861 153
1732453549874 0.3888130784034729 154
1732453949911 0.39438825845718384 155
1732454350467 0.3927024006843567 156
1732454752944 0.4041450619697571 157
1732455156032 0.40404951572418213 158
1732455555670 0.38982105255126953 159
1732455955560 0.3921681046485901 160
1732456355740 0.3918599486351013 161
1732456755640 0.39372342824935913 162
1732457155449 0.4095688760280609 163
1732457555475 0.39444494247436523 164
1732457955610 0.37942585349082947 165
1732458355589 0.3941033184528351 166
1732458755872 0.39889851212501526 167
1732459156184 0.3893193006515503 168
1732459556388 0.40145814418792725 169
1732459956591 0.4069547653198242 170
1732460357038 0.4034824073314667 171
1732460757373 0.40123122930526733 172
1732461157691 0.38971948623657227 173
1732461558265 0.3955247402191162 174
1732461958480 0.3971554636955261 175
1732462358863 0.3989119827747345 176
1732462759546 0.3915384113788605 177
1732463160037 0.4057489335536957 178
1732463560157 0.3989173173904419 179
1732463960313 0.3943995237350464 180
1732464360682 0.39374658465385437 181
1732464760753 0.39171627163887024 182
1732465160854 0.39907971024513245 183
1732465561198 0.4000304043292999 184
1732465961309 0.39130333065986633 185
1732466361318 0.39189180731773376 186
1732466761778 0.3937722146511078 187
1732467162032 0.39173969626426697 188
1732467562196 0.3922234773635864 189
1732467962917 0.401730477809906 190
1732468363381 0.3802710473537445 191
1732468763506 0.38539448380470276 192
1732469163940 0.3967016339302063 193
1732469564238 0.39350375533103943 194
1732469964506 0.3915589153766632 195
1732470364762 0.38768649101257324 196
1732470765159 0.3865504860877991 197
1732471165426 0.3900187611579895 198
1732471565682 0.3881853520870209 199
1732471966189 0.38974565267562866 200
1732472366747 0.38414183259010315 201
1732472767460 0.38301050662994385 202
1732473168317 0.3886379301548004 203
1732473569219 0.3957975208759308 204
1732473969926 0.37946105003356934 205
1732474370615 0.3911955654621124 206
1732474771445 0.3788210153579712 207
1732475171927 0.38616177439689636 208
1732475572606 0.3885328471660614 209
1732475973647 0.3862573504447937 210
1732476377161 0.390290230512619 211
1732476781131 0.3984432816505432 212
1732477186186 0.38756313920021057 213
1732477590793 0.3871712386608124 214
1732477994771 0.3923802077770233 215
1732478398930 0.39291322231292725 216
1732478803239 0.38019809126853943 217
1732479207269 0.3829900622367859 218
1732479613248 0.3838060200214386 219
1732480017391 0.38703101873397827 220
1732480422019 0.3920772969722748 221
1732480826186 0.4038548469543457 222
1732481230683 0.3879905045032501 223
1732481635229 0.3889516592025757 224
1732482038909 0.3844645321369171 225
1732482442787 0.3960816562175751 226
1732482848847 0.3948794901371002 227
1732483253716 0.3896807134151459 228
1732483659449 0.39620348811149597 229
1732484064632 0.3873928189277649 230
1732484470000 0.38364720344543457 231
1732484876143 0.3898148238658905 232
1732485281474 0.37373092770576477 233
1732485687546 0.3880007266998291 234
1732486093079 0.3825901746749878 235
1732486498639 0.38360774517059326 236
1732486904194 0.4057427644729614 237
1732487309514 0.3880857825279236 238
1732487715096 0.3841823637485504 239
1732488120817 0.392094224691391 240
1732488526638 0.37805071473121643 241
1732488931104 0.3805996775627136 242
1732489332768 0.3926915228366852 243
1732489734727 0.38304704427719116 244
1732490136611 0.3792879581451416 245
