1730836312259 0.5106666684150696 0
1730836705897 0.5252500176429749 1
1730837101363 0.5505833625793457 2
1730837495730 0.5690000057220459 3
1730837891874 0.5849166512489319 4
1730838290349 0.5954999923706055 5
1730838685416 0.606249988079071 6
1730839076674 0.621749997138977 7
1730839468583 0.6221666932106018 8
1730839861160 0.6290000081062317 9
1730840254074 0.6384999752044678 10
1730840647564 0.6418333053588867 11
1730841040650 0.6524999737739563 12
1730841433006 0.6596666574478149 13
1730841825768 0.6588333249092102 14
1730842218344 0.671583354473114 15
1730842611212 0.6775000095367432 16
1730843003881 0.6890000104904175 17
1730843396828 0.6995833516120911 18
1730843789487 0.6970000267028809 19
1730844181751 0.706333339214325 20
1730844574322 0.7174999713897705 21
1730844966724 0.7215833067893982 22
1730845359458 0.7221666574478149 23
1730845751985 0.7307500243186951 24
1730846145376 0.7409166693687439 25
1730846538166 0.746999979019165 26
1730846931673 0.750333309173584 27
1730847323953 0.750249981880188 28
1730847716655 0.7580833435058594 29
1730848108669 0.765333354473114 30
1730848500535 0.762499988079071 31
1730848892401 0.7721666693687439 32
1730849284076 0.7759166955947876 33
1730849676584 0.7760000228881836 34
1730850069328 0.7803333401679993 35
1730850462799 0.7833333611488342 36
1730850855193 0.7860833406448364 37
1730851246838 0.7891666889190674 38
1730851639365 0.796999990940094 39
1730852030918 0.7949166893959045 40
1730852422283 0.7954166531562805 41
1730852813595 0.7944999933242798 42
1730853205658 0.8009999990463257 43
1730853597548 0.8078333139419556 44
1730853988521 0.8107500076293945 45
1730854380403 0.8107500076293945 46
1730854771712 0.812416672706604 47
1730855163104 0.8140000104904175 48
1730855554668 0.8169999718666077 49
1730855946726 0.8199999928474426 50
1730856337531 0.8213333487510681 51
1730856729218 0.8199999928474426 52
1730857120507 0.8239166736602783 53
1730857512253 0.8259166479110718 54
1730857904045 0.8264999985694885 55
1730858295154 0.825083315372467 56
1730858686748 0.8246666789054871 57
1730859078360 0.8322499990463257 58
1730859469591 0.8259999752044678 59
1730859861449 0.82833331823349 60
1730860252357 0.8320833444595337 61
1730860643995 0.8270000219345093 62
1730861036041 0.8355833292007446 63
1730861427245 0.8333333134651184 64
1730861818469 0.8368333578109741 65
1730862209708 0.8414999842643738 66
1730862601043 0.8368333578109741 67
1730862992324 0.8327500224113464 68
1730863383573 0.8401666879653931 69
1730863774809 0.8450833559036255 70
1730864166882 0.8379999995231628 71
1730864558400 0.8412500023841858 72
1730864949530 0.8424999713897705 73
1730865340095 0.8423333168029785 74
1730865731073 0.8471666574478149 75
1730866122833 0.8475000262260437 76
1730866513941 0.8509166836738586 77
1730866905413 0.8522499799728394 78
1730867296493 0.8485000133514404 79
1730867688002 0.8460833430290222 80
1730868079132 0.8512499928474426 81
1730868469797 0.8548333048820496 82
1730868861509 0.8512499928474426 83
1730869252714 0.8554999828338623 84
1730869645375 0.856333315372467 85
1730870040693 0.8520833253860474 86
1730870434687 0.8511666655540466 87
1730870828382 0.8529999852180481 88
1730871220363 0.8613333106040955 89
1730871612490 0.862416684627533 90
1730872004030 0.8536666631698608 91
1730872395329 0.8565000295639038 92
1730872786123 0.8600000143051147 93
1730873177783 0.8608333468437195 94
1730873569276 0.8573333621025085 95
1730873960219 0.8583333492279053 96
1730874351084 0.8541666865348816 97
1730874742156 0.8607500195503235 98
1730875133835 0.8619999885559082 99
1730875525198 0.8583333492279053 100
1730875915755 0.8548333048820496 101
1730876307132 0.8585833311080933 102
1730876698145 0.8634999990463257 103
1730877089069 0.862333357334137 104
1730877480168 0.8643333315849304 105
1730877871126 0.8603333234786987 106
1730878261756 0.8661666512489319 107
1730878652141 0.8634999990463257 108
1730879043363 0.8671666383743286 109
1730879434439 0.8671666383743286 110
1730879826041 0.8688333630561829 111
1730880216722 0.8632500171661377 112
1730880607584 0.8699166774749756 113
1730880998344 0.8635833263397217 114
1730881389220 0.8659999966621399 115
1730881779676 0.8644166588783264 116
1730882170655 0.8728333115577698 117
1730882562248 0.872083306312561 118
1730882953188 0.8634166717529297 119
1730883343394 0.8627499938011169 120
1730883733774 0.8674166798591614 121
1730884124825 0.8649166822433472 122
1730884515818 0.8690833449363708 123
1730884906769 0.8696666955947876 124
1730885297148 0.8639166951179504 125
1730885688291 0.8696666955947876 126
1730886079317 0.8700000047683716 127
1730886470134 0.8671666383743286 128
1730886860759 0.8734166622161865 129
1730887251593 0.8695833086967468 130
1730887642579 0.8683333396911621 131
1730888033493 0.8709999918937683 132
1730888424032 0.875249981880188 133
1730888815023 0.8675833344459534 134
1730889205256 0.8714166879653931 135
1730889596600 0.8659166693687439 136
1730889987434 0.8740000128746033 137
1730890378208 0.8755000233650208 138
1730890768727 0.8729166388511658 139
1730891159601 0.8768333196640015 140
1730891550176 0.8684999942779541 141
1730891940867 0.8776666522026062 142
1730892331444 0.875083327293396 143
1730892722062 0.875083327293396 144
1730893112864 0.8807500004768372 145
1730893503917 0.871916651725769 146
1730893894354 0.8736666440963745 147
1730894284927 0.8743333220481873 148
1730894675286 0.8741666674613953 149
1730895066423 0.8711666464805603 150
1730895457112 0.8744999766349792 151
1730895848234 0.8722500205039978 152
1730896238656 0.8793333172798157 153
1730896629455 0.8761666417121887 154
1730897020508 0.8756666779518127 155
1730897411127 0.8738333582878113 156
1730897802969 0.8734999895095825 157
1730898197186 0.875166654586792 158
1730898591310 0.8785833120346069 159
1730898986355 0.8790000081062317 160
1730899380530 0.8765833377838135 161
1730899771922 0.8710833191871643 162
1730900163282 0.874750018119812 163
1730900556940 0.8790000081062317 164
1730900948955 0.8800833225250244 165
1730901340440 0.8823333382606506 166
1730901732220 0.8777499794960022 167
1730902124598 0.8820000290870667 168
1730902518137 0.8799166679382324 169
1730902910092 0.8855833411216736 170
1730903301644 0.8758333325386047 171
1730903694124 0.8786666393280029 172
1730904085576 0.8707500100135803 173
1730904477262 0.8825833201408386 174
1730904869084 0.878250002861023 175
1730905260577 0.8759166598320007 176
1730905652125 0.8799166679382324 177
1730906044137 0.878083348274231 178
1730906435710 0.875083327293396 179
1730906827299 0.8820000290870667 180
1730907220212 0.8826666474342346 181
1730907610722 0.8760833144187927 182
1730908001173 0.8765000104904175 183
1730908392631 0.8797500133514404 184
1730908783724 0.8769166469573975 185
1730909175420 0.8823333382606506 186
1730909566548 0.8843333125114441 187
1730909959366 0.8797500133514404 188
1730910353009 0.8795833587646484 189
1730910747703 0.8861666917800903 190
1730911141960 0.8769166469573975 191
1730911536231 0.8834166526794434 192
1730911928410 0.8853333592414856 193
1730912319515 0.8856666684150696 194
1730912711145 0.8849999904632568 195
1730913103445 0.877916693687439 196
1730913495974 0.8852499723434448 197
1730913889567 0.890500009059906 198
1730914282382 0.8844166398048401 199
1730914674284 0.8863333463668823 200
1730915066123 0.8865833282470703 201
1730915458038 0.8803333044052124 202
1730915850199 0.8798333406448364 203
1730916242255 0.8840000033378601 204
1730916634301 0.8882499933242798 205
1730917026469 0.8864166736602783 206
1730917418629 0.8860833048820496 207
1730917811545 0.8853333592414856 208
1730918205684 0.8911666870117188 209
1730918598811 0.890250027179718 210
1730918991658 0.8862500190734863 211
1730919383245 0.8860833048820496 212
1730919775100 0.8826666474342346 213
1730920167279 0.8853333592414856 214
1730920559382 0.8824999928474426 215
1730920951541 0.8891666531562805 216
1730921343585 0.8892499804496765 217
1730921735656 0.8887500166893005 218
1730922127520 0.8896666765213013 219
1730922519436 0.8859166502952576 220
1730922911336 0.8863333463668823 221
1730923303312 0.8847500085830688 222
1730923695408 0.887333333492279 223
1730924087482 0.8856666684150696 224
1730924479401 0.8881666660308838 225
1730924871239 0.887333333492279 226
1730925263076 0.8900833129882812 227
1730925655001 0.8884166479110718 228
1730926047153 0.8913333415985107 229
1730926439326 0.8934166431427002 230
1730926831354 0.8901666402816772 231
1730927226690 0.8881666660308838 232
1730927619195 0.8868333101272583 233
1730928012263 0.890500009059906 234
1730928404605 0.8929166793823242 235
1730928797276 0.8895000219345093 236
1730929189689 0.8911666870117188 237
1730929582887 0.8888333439826965 238
1730929975566 0.890500009059906 239
1730930368227 0.8871666789054871 240
1730930761214 0.890583336353302 241
1730931153989 0.8924166560173035 242
1730931547376 0.893916666507721 243
1730931940579 0.8910833597183228 244
1730932332518 0.8956666588783264 245
1730932724132 0.8942499756813049 246
1730933116151 0.8940833210945129 247
1730933509245 0.8927500247955322 248
1730933900668 0.8986666798591614 249
1730934292047 0.8895000219345093 250
1730934684174 0.8943333625793457 251
1730935076059 0.890749990940094 252
1730935467951 0.8958333134651184 253
1730935859782 0.8928333520889282 254
1730936251620 0.890250027179718 255
1730936643446 0.887666642665863 256
1730937035183 0.8899999856948853 257
1730937426879 0.8917499780654907 258
1730937818898 0.89083331823349 259
1730938210526 0.8833333253860474 260
1730938602175 0.8932499885559082 261
1730938994065 0.887583315372467 262
1730939385781 0.8895000219345093 263
1730939781664 0.8979166746139526 264
1730940177389 0.8979166746139526 265
1730940572957 0.8941666483879089 266
1730940967383 0.8867499828338623 267
1730941361461 0.890916645526886 268
1730941754934 0.8964166641235352 269
1730942149023 0.8985000252723694 270
1730942543414 0.8981666564941406 271
1730942935745 0.8946666717529297 272
1730943325674 0.893833339214325 273
1730943715706 0.890749990940094 274
1730944105639 0.8978333473205566 275
1730944495457 0.9006666541099548 276
1730944885236 0.8920833468437195 277
1730945274893 0.9005833268165588 278
1730945664540 0.8930833339691162 279
1730946054348 0.8966666460037231 280
1730946444359 0.8931666612625122 281
1730946834033 0.8972499966621399 282
1730947223658 0.8967499732971191 283
1730947613340 0.8998333215713501 284
1730948002797 0.8933333158493042 285
1730948392334 0.8997499942779541 286
1730948782200 0.89083331823349 287
1730949172813 0.8982499837875366 288
1730949565593 0.8912500143051147 289
1730949957993 0.8996666669845581 290
1730950353019 0.8966666460037231 291
1730950745555 0.8956666588783264 292
1730951138027 0.9019166827201843 293
1730951529780 0.8949999809265137 294
1730951921976 0.8968333601951599 295
1730952313706 0.8989999890327454 296
1730952705282 0.8953333497047424 297
1730953096716 0.8964999914169312 298
1730953488396 0.902999997138977 299
1730953880166 0.8959166407585144 300
1730954272284 0.8981666564941406 301
1730954663862 0.9005833268165588 302
1730955055266 0.9013333320617676 303
1730955446752 0.903249979019165 304
1730955838460 0.8975833058357239 305
1730956230749 0.8964999914169312 306
1730956622251 0.8940833210945129 307
1730957013280 0.8930833339691162 308
1730957405041 0.8952500224113464 309
1730957796644 0.8950833082199097 310
1730958188568 0.8980833292007446 311
1730958580617 0.8970833420753479 312
1730958972439 0.8962500095367432 313
1730959363440 0.8959166407585144 314
1730959755169 0.8967499732971191 315
1730960146737 0.9006666541099548 316
1730960539151 0.8951666951179504 317
1730960930588 0.9019166827201843 318
1730961321999 0.9018333554267883 319
1730961713541 0.8968333601951599 320
1730962104749 0.9018333554267883 321
1730962496364 0.9043333530426025 322
1730962888492 0.902999997138977 323
1730963279738 0.8953333497047424 324
1730963671016 0.9014999866485596 325
1730964061617 0.9027500152587891 326
1730964453487 0.9024166464805603 327
1730964845661 0.9010833501815796 328
1730965237476 0.8983333110809326 329
1730965628648 0.9058333039283752 330
1730966019737 0.9021666646003723 331
1730966410810 0.8979166746139526 332
1730966802629 0.8985833525657654 333
1730967194021 0.9051666855812073 334
1730967585811 0.9010833501815796 335
1730967976820 0.8995000123977661 336
1730968368407 0.8961666822433472 337
1730968759739 0.8996666669845581 338
1730969151437 0.9028333425521851 339
1730969543008 0.9054166674613953 340
1730969934310 0.8980000019073486 341
1730970325063 0.9010000228881836 342
1730970716775 0.8999999761581421 343
1730971108453 0.9035833477973938 344
1730971500321 0.9026666879653931 345
1730971891539 0.8987500071525574 346
1730972282536 0.9022499918937683 347
1730972673809 0.9017500281333923 348
1730973064754 0.9026666879653931 349
1730973456110 0.9038333296775818 350
1730973848236 0.9054166674613953 351
1730974239190 0.906000018119812 352
1730974630669 0.8991666436195374 353
1730975021721 0.9012500047683716 354
1730975412689 0.8995833396911621 355
1730975804132 0.8999999761581421 356
1730976195296 0.9007499814033508 357
1730976587490 0.906333327293396 358
1730976978338 0.9045833349227905 359
1730977369750 0.9028333425521851 360
1730977760902 0.902916669845581 361
1730978152054 0.9010000228881836 362
1730978543195 0.9069166779518127 363
1730978934319 0.9004166722297668 364
1730979325406 0.903166651725769 365
1730979716864 0.9000833630561829 366
1730980108237 0.9044166803359985 367
1730980499354 0.9040833115577698 368
1730980891053 0.9037500023841858 369
1730981281933 0.8988333344459534 370
1730981672233 0.903166651725769 371
1730982063757 0.9003333449363708 372
1730982455185 0.9027500152587891 373
1730982846772 0.9020833373069763 374
1730983237862 0.9099166393280029 375
1730983629815 0.9035000205039978 376
1730984020468 0.9067500233650208 377
1730984410452 0.9043333530426025 378
1730984800959 0.9052500128746033 379
1730985191618 0.9023333191871643 380
1730985582681 0.9051666855812073 381
1730985974654 0.9045000076293945 382
1730986367924 0.9074166417121887 383
1730986759045 0.9036666750907898 384
1730987149867 0.9015833139419556 385
1730987540756 0.9090833067893982 386
1730987931641 0.9046666622161865 387
1730988322467 0.9069166779518127 388
1730988713236 0.9024166464805603 389
1730989104089 0.903166651725769 390
1730989494988 0.9082499742507935 391
1730989885930 0.9053333401679993 392
1730990279083 0.902999997138977 393
1730990671446 0.9070833325386047 394
1730991063868 0.9070833325386047 395
1730991455909 0.9108333587646484 396
1730991847935 0.9057499766349792 397
1730992239244 0.9072499871253967 398
1730992631241 0.9024999737739563 399
1730993022796 0.9070833325386047 400
1730993414254 0.9034166932106018 401
1730993806308 0.9049999713897705 402
1730994197575 0.9052500128746033 403
1730994589110 0.9045000076293945 404
1730994980816 0.9039166569709778 405
1730995374561 0.9045833349227905 406
1730995768461 0.8964999914169312 407
1730996161207 0.9068333506584167 408
1730996553669 0.9050833582878113 409
1730996945552 0.9074166417121887 410
1730997337849 0.9054166674613953 411
1730997729556 0.909583330154419 412
1730998122863 0.903333306312561 413
1730998520674 0.9039999842643738 414
1730998920771 0.9077500104904175 415
1730999317549 0.9015833139419556 416
1730999710536 0.906499981880188 417
1731000103566 0.9037500023841858 418
1731000496950 0.9023333191871643 419
1731000890221 0.9039999842643738 420
1731001284057 0.9110833406448364 421
1731001677930 0.9082499742507935 422
1731002070368 0.9110833406448364 423
1731002462344 0.9003333449363708 424
1731002854597 0.9057499766349792 425
1731003247347 0.9042500257492065 426
1731003640199 0.9045833349227905 427
1731004032036 0.9122499823570251 428
1731004424601 0.9043333530426025 429
1731004817055 0.909166693687439 430
1731005210923 0.9054166674613953 431
1731005609050 0.9008333086967468 432
1731006005173 0.9090833067893982 433
1731006401371 0.9108333587646484 434
1731006798447 0.9146666526794434 435
1731007196467 0.9085833430290222 436
1731007594812 0.9076666831970215 437
1731007992323 0.903249979019165 438
1731008389687 0.9054166674613953 439
1731008788796 0.9104166626930237 440
1731009188586 0.9051666855812073 441
1731009584198 0.9067500233650208 442
1731009977246 0.909416675567627 443
1731010369875 0.9148333072662354 444
1731010761806 0.9068333506584167 445
1731011154437 0.9105833172798157 446
1731011546717 0.909250020980835 447
1731011939189 0.9045000076293945 448
1731012331742 0.9020833373069763 449
1731012724325 0.9054166674613953 450
1731013116464 0.906416654586792 451
1731013509356 0.909333348274231 452
1731013902319 0.9013333320617676 453
1731014294473 0.9090833067893982 454
1731014688138 0.9088333249092102 455
1731015079478 0.9068333506584167 456
1731015470890 0.9077500104904175 457
1731015862806 0.9058333039283752 458
1731016254791 0.909416675567627 459
1731016646736 0.9101666808128357 460
1731017038774 0.9072499871253967 461
1731017430517 0.9117500185966492 462
1731017822479 0.9052500128746033 463
1731018214479 0.9144166707992554 464
1731018606371 0.9104999899864197 465
1731018998138 0.9104999899864197 466
1731019389887 0.9066666960716248 467
1731019781647 0.9080833196640015 468
1731020173382 0.9125833511352539 469
1731020565179 0.9057499766349792 470
1731020956967 0.9135833382606506 471
1731021348726 0.9090833067893982 472
1731021740504 0.9067500233650208 473
1731022132271 0.9053333401679993 474
1731022523986 0.9148333072662354 475
1731022918989 0.9178333282470703 476
1731023317459 0.9110833406448364 477
1731023714835 0.9125833511352539 478
1731024114870 0.9133333563804626 479
1731024511089 0.9139166474342346 480
1731024904698 0.9124166369438171 481
1731025297053 0.9144999980926514 482
1731025690197 0.9114999771118164 483
1731026081832 0.906083345413208 484
1731026473980 0.9129166603088379 485
1731026866289 0.9070833325386047 486
1731027258153 0.9074166417121887 487
1731027649828 0.9104166626930237 488
1731028042766 0.9099166393280029 489
1731028434745 0.9100833535194397 490
1731028826218 0.9089166522026062 491
1731029217596 0.9115833044052124 492
1731029609719 0.9151666760444641 493
1731030001625 0.9144166707992554 494
1731030393718 0.9114999771118164 495
1731030785808 0.9102500081062317 496
1731031177601 0.9141666889190674 497
1731031569051 0.9069166779518127 498
1731031960464 0.9119166731834412 499
1731031995982 0.8612499833106995 0
