1730836312259 1.0115787982940674 0
1730836705897 0.9217509031295776 1
1730837101363 0.9000893831253052 2
1730837495730 0.8802997469902039 3
1730837891874 0.8593484163284302 4
1730838290349 0.8404763340950012 5
1730838685416 0.8202981948852539 6
1730839076674 0.7982262372970581 7
1730839468583 0.7855721116065979 8
1730839861160 0.7699358463287354 9
1730840254074 0.753896176815033 10
1730840647564 0.7402039170265198 11
1730841040650 0.7274221777915955 12
1730841433006 0.706158459186554 13
1730841825768 0.7039625644683838 14
1730842218344 0.6835106611251831 15
1730842611212 0.6700730323791504 16
1730843003881 0.6559128165245056 17
1730843396828 0.642476499080658 18
1730843789487 0.6386558413505554 19
1730844181751 0.6235213279724121 20
1730844574322 0.6088151335716248 21
1730844966724 0.5994899272918701 22
1730845359458 0.5929037928581238 23
1730845751985 0.5850426554679871 24
1730846145376 0.571735680103302 25
1730846538166 0.5603218674659729 26
1730846931673 0.5555784106254578 27
1730847323953 0.5484071969985962 28
1730847716655 0.544497549533844 29
1730848108669 0.5294076204299927 30
1730848500535 0.5334577560424805 31
1730848892401 0.5143589973449707 32
1730849284076 0.5067040324211121 33
1730849676584 0.5095071196556091 34
1730850069328 0.5059216022491455 35
1730850462799 0.499437540769577 36
1730850855193 0.49273255467414856 37
1730851246838 0.4860237240791321 38
1730851639365 0.47721338272094727 39
1730852030918 0.47538992762565613 40
1730852422283 0.47749948501586914 41
1730852813595 0.473582923412323 42
1730853205658 0.4660017192363739 43
1730853597548 0.4614446759223938 44
1730853988521 0.45117178559303284 45
1730854380403 0.4578843116760254 46
1730854771712 0.4503292143344879 47
1730855163104 0.45126256346702576 48
1730855554668 0.4456055462360382 49
1730855946726 0.4450279176235199 50
1730856337531 0.4399729073047638 51
1730856729218 0.4408392310142517 52
1730857120507 0.4323742389678955 53
1730857512253 0.43060413002967834 54
1730857904045 0.43083515763282776 55
1730858295154 0.432454377412796 56
1730858686748 0.42583608627319336 57
1730859078360 0.41704320907592773 58
1730859469591 0.4259471297264099 59
1730859861449 0.4295036494731903 60
1730860252357 0.42155566811561584 61
1730860643995 0.4233611524105072 62
1730861036041 0.41759225726127625 63
1730861427245 0.42094770073890686 64
1730861818469 0.4181452989578247 65
1730862209708 0.41209179162979126 66
1730862601043 0.4149664044380188 67
1730862992324 0.4221167266368866 68
1730863383573 0.41692546010017395 69
1730863774809 0.4183832108974457 70
1730864166882 0.41993722319602966 71
1730864558400 0.41109228134155273 72
1730864949530 0.4064170718193054 73
1730865340095 0.4130042791366577 74
1730865731073 0.4071454703807831 75
1730866122833 0.40584826469421387 76
1730866513941 0.40139690041542053 77
1730866905413 0.4088819921016693 78
1730867296493 0.4037659764289856 79
1730867688002 0.4084027111530304 80
1730868079132 0.40165644884109497 81
1730868469797 0.39771130681037903 82
1730868861509 0.40561816096305847 83
1730869252714 0.405070960521698 84
1730869645375 0.39865946769714355 85
1730870040693 0.40689775347709656 86
1730870434687 0.4005970358848572 87
1730870828382 0.39907002449035645 88
1730871220363 0.39476749300956726 89
1730871612490 0.3896004259586334 90
1730872004030 0.4006151854991913 91
1730872395329 0.3994837999343872 92
1730872786123 0.40117761492729187 93
1730873177783 0.39659038186073303 94
1730873569276 0.40011823177337646 95
1730873960219 0.39530158042907715 96
1730874351084 0.4060726463794708 97
1730874742156 0.39943933486938477 98
1730875133835 0.3985873758792877 99
1730875525198 0.40413224697113037 100
1730875915755 0.39746153354644775 101
1730876307132 0.4017929136753082 102
1730876698145 0.3926115334033966 103
1730877089069 0.4001086354255676 104
1730877480168 0.3906112611293793 105
1730877871126 0.4021631181240082 106
1730878261756 0.38754260540008545 107
1730878652141 0.40114372968673706 108
1730879043363 0.39283016324043274 109
1730879434439 0.3915048837661743 110
1730879826041 0.38916274905204773 111
1730880216722 0.39637240767478943 112
1730880607584 0.38885006308555603 113
1730880998344 0.39138129353523254 114
1730881389220 0.3882894814014435 115
1730881779676 0.39001160860061646 116
1730882170655 0.383360356092453 117
1730882562248 0.38600945472717285 118
1730882953188 0.39093920588493347 119
1730883343394 0.4007798731327057 120
1730883733774 0.3949941098690033 121
1730884124825 0.39828410744667053 122
1730884515818 0.3892078995704651 123
1730884906769 0.39261433482170105 124
1730885297148 0.3952007293701172 125
1730885688291 0.3913743495941162 126
1730886079317 0.3889409899711609 127
1730886470134 0.39663276076316833 128
1730886860759 0.388387531042099 129
1730887251593 0.38984906673431396 130
1730887642579 0.3988841474056244 131
1730888033493 0.3900820314884186 132
1730888424032 0.384805291891098 133
1730888815023 0.39769285917282104 134
1730889205256 0.3881407380104065 135
1730889596600 0.40340638160705566 136
1730889987434 0.38755378127098083 137
1730890378208 0.3863709568977356 138
1730890768727 0.38725191354751587 139
1730891159601 0.3812369108200073 140
1730891550176 0.4006319046020508 141
1730891940867 0.38086768984794617 142
1730892331444 0.3891969919204712 143
1730892722062 0.3851221203804016 144
1730893112864 0.3782733976840973 145
1730893503917 0.38961705565452576 146
1730893894354 0.3952215909957886 147
1730894284927 0.3878989517688751 148
1730894675286 0.39320898056030273 149
1730895066423 0.39589017629623413 150
1730895457112 0.3841119706630707 151
1730895848234 0.38741442561149597 152
1730896238656 0.37867021560668945 153
1730896629455 0.387920618057251 154
1730897020508 0.3813369572162628 155
1730897411127 0.3905049264431 156
1730897802969 0.3897401988506317 157
1730898197186 0.38418155908584595 158
1730898591310 0.38199666142463684 159
1730898986355 0.388899564743042 160
1730899380530 0.3849540054798126 161
1730899771922 0.39374980330467224 162
1730900163282 0.3857366144657135 163
1730900556940 0.38315290212631226 164
1730900948955 0.38260185718536377 165
1730901340440 0.37746256589889526 166
1730901732220 0.3875845968723297 167
1730902124598 0.3810909688472748 168
1730902518137 0.37974897027015686 169
1730902910092 0.37542277574539185 170
1730903301644 0.3877526819705963 171
1730903694124 0.38458943367004395 172
1730904085576 0.39965149760246277 173
1730904477262 0.3819798231124878 174
1730904869084 0.38773688673973083 175
1730905260577 0.38759833574295044 176
1730905652125 0.37723833322525024 177
1730906044137 0.3864656984806061 178
1730906435710 0.3976071774959564 179
1730906827299 0.38188686966896057 180
1730907220212 0.37903323769569397 181
1730907610722 0.39587539434432983 182
1730908001173 0.3867831230163574 183
1730908392631 0.38687393069267273 184
1730908783724 0.3855375051498413 185
1730909175420 0.3839128315448761 186
1730909566548 0.3797118365764618 187
1730909959366 0.3871035873889923 188
1730910353009 0.38274964690208435 189
1730910747703 0.3742845952510834 190
1730911141960 0.3919875919818878 191
1730911536231 0.38377827405929565 192
1730911928410 0.3810483515262604 193
1730912319515 0.37845557928085327 194
1730912711145 0.3773937225341797 195
1730913103445 0.38934656977653503 196
1730913495974 0.37251874804496765 197
1730913889567 0.3676714301109314 198
1730914282382 0.3816271424293518 199
1730914674284 0.3753650188446045 200
1730915066123 0.37862634658813477 201
1730915458038 0.3848000466823578 202
1730915850199 0.3904542624950409 203
1730916242255 0.37462976574897766 204
1730916634301 0.3717806935310364 205
1730917026469 0.3804798126220703 206
1730917418629 0.3810960650444031 207
1730917811545 0.3758794665336609 208
1730918205684 0.371307909488678 209
1730918598811 0.3691927492618561 210
1730918991658 0.378998726606369 211
1730919383245 0.3764974772930145 212
1730919775100 0.3775603473186493 213
1730920167279 0.3792581260204315 214
1730920559382 0.38450387120246887 215
1730920951541 0.3708139955997467 216
1730921343585 0.3709334433078766 217
1730921735656 0.3751835227012634 218
1730922127520 0.3730805218219757 219
1730922519436 0.3763619065284729 220
1730922911336 0.3763751983642578 221
1730923303312 0.38351553678512573 222
1730923695408 0.3741876482963562 223
1730924087482 0.3778027892112732 224
1730924479401 0.3731171786785126 225
1730924871239 0.37508466839790344 226
1730925263076 0.3744995594024658 227
1730925655001 0.3733547627925873 228
1730926047153 0.3752381503582001 229
1730926439326 0.3632239103317261 230
1730926831354 0.3725343942642212 231
1730927226690 0.37587955594062805 232
1730927619195 0.3772662878036499 233
1730928012263 0.3671199083328247 234
1730928404605 0.36818912625312805 235
1730928797276 0.3696540892124176 236
1730929189689 0.3641318082809448 237
1730929582887 0.37874695658683777 238
1730929975566 0.369022011756897 239
1730930368227 0.373320072889328 240
1730930761214 0.3678801953792572 241
1730931153989 0.36717158555984497 242
1730931547376 0.36336779594421387 243
1730931940579 0.37004145979881287 244
1730932332518 0.36289164423942566 245
1730932724132 0.3612035810947418 246
1730933116151 0.36674174666404724 247
1730933509245 0.3734767735004425 248
1730933900668 0.3587900400161743 249
1730934292047 0.38149237632751465 250
1730934684174 0.3684225380420685 251
1730935076059 0.37094876170158386 252
1730935467951 0.3617055118083954 253
1730935859782 0.3668445348739624 254
1730936251620 0.3730132281780243 255
1730936643446 0.3773346245288849 256
1730937035183 0.37383729219436646 257
1730937426879 0.3740125596523285 258
1730937818898 0.3730233609676361 259
1730938210526 0.383766770362854 260
1730938602175 0.3713971674442291 261
1730938994065 0.3780554533004761 262
1730939385781 0.3748893141746521 263
1730939781664 0.3623008728027344 264
1730940177389 0.35744884610176086 265
1730940572957 0.368257611989975 266
1730940967383 0.3765905499458313 267
1730941361461 0.37148454785346985 268
1730941754934 0.36648523807525635 269
1730942149023 0.36195504665374756 270
1730942543414 0.3605092763900757 271
1730942935745 0.3735419511795044 272
1730943325674 0.3607158958911896 273
1730943715706 0.37168529629707336 274
1730944105639 0.367505818605423 275
1730944495457 0.35815131664276123 276
1730944885236 0.3710174560546875 277
1730945274893 0.35946357250213623 278
1730945664540 0.37343916296958923 279
1730946054348 0.362332284450531 280
1730946444359 0.3692361116409302 281
1730946834033 0.36470288038253784 282
1730947223658 0.3685598075389862 283
1730947613340 0.36224231123924255 284
1730948002797 0.37066808342933655 285
1730948392334 0.36081433296203613 286
1730948782200 0.3779427409172058 287
1730949172813 0.3570599853992462 288
1730949565593 0.3711998164653778 289
1730949957993 0.35835668444633484 290
1730950353019 0.36533674597740173 291
1730950745555 0.3710419833660126 292
1730951138027 0.36379528045654297 293
1730951529780 0.36834517121315 294
1730951921976 0.3655756711959839 295
1730952313706 0.3632362186908722 296
1730952705282 0.3683003783226013 297
1730953096716 0.3658786714076996 298
1730953488396 0.3587414622306824 299
1730953880166 0.3708360493183136 300
1730954272284 0.36691486835479736 301
1730954663862 0.3616461157798767 302
1730955055266 0.3572366535663605 303
1730955446752 0.35536134243011475 304
1730955838460 0.36916646361351013 305
1730956230749 0.3692212700843811 306
1730956622251 0.3676060736179352 307
1730957013280 0.3784049451351166 308
1730957405041 0.3720317780971527 309
1730957796644 0.37070226669311523 310
1730958188568 0.36233004927635193 311
1730958580617 0.36614853143692017 312
1730958972439 0.3715609610080719 313
1730959363440 0.3675152063369751 314
1730959755169 0.36841702461242676 315
1730960146737 0.3647018373012543 316
1730960539151 0.3668960630893707 317
1730960930588 0.36043620109558105 318
1730961321999 0.36559054255485535 319
1730961713541 0.36317330598831177 320
1730962104749 0.35894709825515747 321
1730962496364 0.35835763812065125 322
1730962888492 0.3631170392036438 323
1730963279738 0.3697843849658966 324
1730963671016 0.3625919222831726 325
1730964061617 0.3574678599834442 326
1730964453487 0.36166563630104065 327
1730964845661 0.3607238829135895 328
1730965237476 0.3696763217449188 329
1730965628648 0.35611581802368164 330
1730966019737 0.36286461353302 331
1730966410810 0.3729499876499176 332
1730966802629 0.3659304678440094 333
1730967194021 0.3525852560997009 334
1730967585811 0.3670019507408142 335
1730967976820 0.36757606267929077 336
1730968368407 0.36493998765945435 337
1730968759739 0.3659016788005829 338
1730969151437 0.36429664492607117 339
1730969543008 0.36033961176872253 340
1730969934310 0.36937087774276733 341
1730970325063 0.3661055564880371 342
1730970716775 0.37016698718070984 343
1730971108453 0.358730673789978 344
1730971500321 0.36376962065696716 345
1730971891539 0.37049832940101624 346
1730972282536 0.3608618974685669 347
1730972673809 0.36037081480026245 348
1730973064754 0.36621999740600586 349
1730973456110 0.35788652300834656 350
1730973848236 0.35713082551956177 351
1730974239190 0.3541794419288635 352
1730974630669 0.36842435598373413 353
1730975021721 0.3629227578639984 354
1730975412689 0.36611148715019226 355
1730975804132 0.3624992370605469 356
1730976195296 0.3619531989097595 357
1730976587490 0.35898229479789734 358
1730976978338 0.3597949147224426 359
1730977369750 0.3561946749687195 360
1730977760902 0.3634013235569 361
1730978152054 0.3706246316432953 362
1730978543195 0.35309159755706787 363
1730978934319 0.36170968413352966 364
1730979325406 0.36284932494163513 365
1730979716864 0.36346235871315 366
1730980108237 0.3594020903110504 367
1730980499354 0.3601471483707428 368
1730980891053 0.36004817485809326 369
1730981281933 0.37162092328071594 370
1730981672233 0.3653738498687744 371
1730982063757 0.36479923129081726 372
1730982455185 0.36180925369262695 373
1730982846772 0.3627108931541443 374
1730983237862 0.35103678703308105 375
1730983629815 0.35752400755882263 376
1730984020468 0.356952965259552 377
1730984410452 0.3598174750804901 378
1730984800959 0.3628394305706024 379
1730985191618 0.3639450669288635 380
1730985582681 0.35935643315315247 381
1730985974654 0.36138635873794556 382
1730986367924 0.3572923541069031 383
1730986759045 0.3587883412837982 384
1730987149867 0.3654274642467499 385
1730987540756 0.3495405316352844 386
1730987931641 0.35996297001838684 387
1730988322467 0.35844776034355164 388
1730988713236 0.3687182068824768 389
1730989104089 0.3615685999393463 390
1730989494988 0.35995039343833923 391
1730989885930 0.3645876944065094 392
1730990279083 0.36753275990486145 393
1730990671446 0.3600497245788574 394
1730991063868 0.3585715591907501 395
1730991455909 0.35347071290016174 396
1730991847935 0.3620094060897827 397
1730992239244 0.35884150862693787 398
1730992631241 0.36388325691223145 399
1730993022796 0.3568865954875946 400
1730993414254 0.36380472779273987 401
1730993806308 0.35476750135421753 402
1730994197575 0.36019572615623474 403
1730994589110 0.36048007011413574 404
1730994980816 0.35983845591545105 405
1730995374561 0.35843783617019653 406
1730995768461 0.3719242215156555 407
1730996161207 0.35771444439888 408
1730996553669 0.3556562066078186 409
1730996945552 0.36089763045310974 410
1730997337849 0.3576402962207794 411
1730997729556 0.36057931184768677 412
1730998122863 0.36195600032806396 413
1730998520674 0.3627982437610626 414
1730998920771 0.35830697417259216 415
1730999317549 0.36570101976394653 416
1730999710536 0.35461872816085815 417
1731000103566 0.36175259947776794 418
1731000496950 0.36280557513237 419
1731000890221 0.3653673827648163 420
1731001284057 0.3513558804988861 421
1731001677930 0.3566678464412689 422
1731002070368 0.3493807911872864 423
1731002462344 0.3668651878833771 424
1731002854597 0.35647445917129517 425
1731003247347 0.3607042729854584 426
1731003640199 0.3663668632507324 427
1731004032036 0.3498751223087311 428
1731004424601 0.3660183846950531 429
1731004817055 0.3506503105163574 430
1731005210923 0.3630346655845642 431
1731005609050 0.36343324184417725 432
1731006005173 0.36141276359558105 433
1731006401371 0.35284850001335144 434
1731006798447 0.3473071753978729 435
1731007196467 0.3551403284072876 436
1731007594812 0.3575757145881653 437
1731007992323 0.35719990730285645 438
1731008389687 0.36090710759162903 439
1731008788796 0.35721057653427124 440
1731009188586 0.36364078521728516 441
1731009584198 0.36065125465393066 442
1731009977246 0.34598231315612793 443
1731010369875 0.3492841422557831 444
1731010761806 0.35761699080467224 445
1731011154437 0.3542906939983368 446
1731011546717 0.3576894998550415 447
1731011939189 0.36718040704727173 448
1731012331742 0.3722512722015381 449
1731012724325 0.36663296818733215 450
1731013116464 0.3592582941055298 451
1731013509356 0.3584938645362854 452
1731013902319 0.37061044573783875 453
1731014294473 0.36083874106407166 454
1731014688138 0.3573208749294281 455
1731015079478 0.36093083024024963 456
1731015470890 0.36016207933425903 457
1731015862806 0.3672422170639038 458
1731016254791 0.35939741134643555 459
1731016646736 0.35582005977630615 460
1731017038774 0.36267536878585815 461
1731017430517 0.35642915964126587 462
1731017822479 0.3644404411315918 463
1731018214479 0.352715402841568 464
1731018606371 0.3544437289237976 465
1731018998138 0.35310277342796326 466
1731019389887 0.3592211902141571 467
1731019781647 0.3583245575428009 468
1731020173382 0.35675469040870667 469
1731020565179 0.36351510882377625 470
1731020956967 0.3528919816017151 471
1731021348726 0.3558371663093567 472
1731021740504 0.3645250201225281 473
1731022132271 0.35506364703178406 474
1731022523986 0.3515624701976776 475
1731022918989 0.3464178442955017 476
1731023317459 0.35967808961868286 477
1731023714835 0.3526374399662018 478
1731024114870 0.34430307149887085 479
1731024511089 0.3490740656852722 480
1731024904698 0.35224777460098267 481
1731025297053 0.3486499786376953 482
1731025690197 0.35650938749313354 483
1731026081832 0.3653114438056946 484
1731026473980 0.3476092219352722 485
1731026866289 0.3710850775241852 486
1731027258153 0.3605218231678009 487
1731027649828 0.35653743147850037 488
1731028042766 0.3645748794078827 489
1731028434745 0.35567528009414673 490
1731028826218 0.3607216477394104 491
1731029217596 0.3552371859550476 492
1731029609719 0.3495537042617798 493
1731030001625 0.34919339418411255 494
1731030393718 0.35052791237831116 495
1731030785808 0.3561241328716278 496
1731031177601 0.3518798351287842 497
1731031569051 0.36344966292381287 498
1731031960464 0.36124351620674133 499
1731031995982 0.48745298385620117 0
