1730289820354 0.48883333802223206 0
1730290281614 0.4971666634082794 1
1730290741777 0.4974166750907898 2
1730291201477 0.5075833201408386 3
1730291660828 0.515999972820282 4
1730292121496 0.5235833525657654 5
1730292580854 0.5464166402816772 6
1730293040213 0.5562499761581421 7
1730293499679 0.5671666860580444 8
1730293959815 0.5763333439826965 9
1730294423563 0.5896666646003723 10
1730294884595 0.597083330154419 11
1730295345322 0.6000833511352539 12
1730295806616 0.6059166789054871 13
1730296267934 0.6041666865348816 14
1730296728242 0.6044999957084656 15
1730297189605 0.6156666874885559 16
1730297650241 0.6245833039283752 17
1730298112036 0.621833324432373 18
1730298572923 0.6199166774749756 19
1730299036810 0.6311666369438171 20
1730299501039 0.6265000104904175 21
1730299964002 0.6351666450500488 22
1730300426058 0.6340833306312561 23
1730300888232 0.643583357334137 24
1730301350483 0.6446666717529297 25
1730301811217 0.6493333578109741 26
1730302278172 0.6428333520889282 27
1730302743341 0.6463333368301392 28
1730303205960 0.6629166603088379 29
1730303669302 0.659166693687439 30
1730304132170 0.6572499871253967 31
1730304593997 0.6690833568572998 32
1730305056230 0.6705833077430725 33
1730305518899 0.6736666560173035 34
1730305982307 0.6804999709129333 35
1730306444388 0.6800833344459534 36
1730306907703 0.6735000014305115 37
1730307370234 0.6819999814033508 38
1730307832936 0.6859999895095825 39
1730308298728 0.6933333277702332 40
1730308767126 0.6984166502952576 41
1730309241093 0.6988333463668823 42
1730309706135 0.6972500085830688 43
1730310167848 0.6997500061988831 44
1730310631190 0.7005833387374878 45
1730311094089 0.7170000076293945 46
1730311557255 0.7119166851043701 47
1730312019630 0.7162500023841858 48
1730312481062 0.721666693687439 49
1730312943390 0.7210833430290222 50
1730313406524 0.731416642665863 51
1730313869249 0.7286666631698608 52
1730314332631 0.731083333492279 53
1730314797084 0.7300833463668823 54
1730315260150 0.7360833287239075 55
1730315722231 0.737666666507721 56
1730316185324 0.7380833625793457 57
1730316647948 0.7478333115577698 58
1730317110493 0.7444166541099548 59
1730317574312 0.7388333082199097 60
1730318036558 0.753333330154419 61
1730318499342 0.7514166831970215 62
1730318962409 0.750083327293396 63
1730319425055 0.7540000081062317 64
1730319888184 0.7515833377838135 65
1730320350644 0.7559999823570251 66
1730320814111 0.7553333044052124 67
1730321274780 0.7564166784286499 68
1730321737747 0.7525833249092102 69
1730322200505 0.7567499876022339 70
1730322661998 0.7579166889190674 71
1730323126055 0.7563333511352539 72
1730323589526 0.7630833387374878 73
1730324053076 0.7558333277702332 74
1730324514032 0.7638333439826965 75
1730324977332 0.7693333625793457 76
1730325440519 0.7721666693687439 77
1730325902522 0.7744166851043701 78
1730326363956 0.7760833501815796 79
1730326827059 0.7716666460037231 80
