1730289820354 0.9438897371292114 0
1730290281614 0.9144271612167358 1
1730290741777 0.8894896507263184 2
1730291201477 0.8667576313018799 3
1730291660828 0.8467442393302917 4
1730292121496 0.8284149765968323 5
1730292580854 0.8077993988990784 6
1730293040213 0.7884434461593628 7
1730293499679 0.7715850472450256 8
1730293959815 0.7569540739059448 9
1730294423563 0.7406260371208191 10
1730294884595 0.7305976748466492 11
1730295345322 0.7161814570426941 12
1730295806616 0.7096408605575562 13
1730296267934 0.701123058795929 14
1730296728242 0.6971470713615417 15
1730297189605 0.6857762336730957 16
1730297650241 0.6762790679931641 17
1730298112036 0.670953631401062 18
1730298572923 0.6670610904693604 19
1730299036810 0.6616321206092834 20
1730299501039 0.6563917398452759 21
1730299964002 0.6509948968887329 22
1730300426058 0.6478143930435181 23
1730300888232 0.6435368061065674 24
1730301350483 0.6361591815948486 25
1730301811217 0.6346191763877869 26
1730302278172 0.629861056804657 27
1730302743341 0.628544807434082 28
1730303205960 0.6179456114768982 29
1730303669302 0.619699239730835 30
1730304132170 0.6137158870697021 31
1730304593997 0.6130613088607788 32
1730305056230 0.6049339771270752 33
1730305518899 0.6006422638893127 34
1730305982307 0.5966671109199524 35
1730306444388 0.597727358341217 36
1730306907703 0.5922127366065979 37
1730307370234 0.5888189077377319 38
1730307832936 0.5886765718460083 39
1730308298728 0.5807077288627625 40
1730308767126 0.5724588632583618 41
1730309241093 0.5769079327583313 42
1730309706135 0.5724981427192688 43
1730310167848 0.5731812119483948 44
1730310631190 0.5692912340164185 45
1730311094089 0.5582760572433472 46
1730311557255 0.5598542094230652 47
1730312019630 0.5569780468940735 48
1730312481062 0.5555458068847656 49
1730312943390 0.5559232831001282 50
1730313406524 0.5492154955863953 51
1730313869249 0.5467256903648376 52
1730314332631 0.5414854884147644 53
1730314797084 0.5500978827476501 54
1730315260150 0.5520042181015015 55
1730315722231 0.5385354161262512 56
1730316185324 0.5407851338386536 57
1730316647948 0.5325572490692139 58
1730317110493 0.5296344757080078 59
1730317574312 0.5412196516990662 60
1730318036558 0.5244643688201904 61
1730318499342 0.5269649028778076 62
1730318962409 0.5305944681167603 63
1730319425055 0.5321455001831055 64
1730319888184 0.5258308053016663 65
1730320350644 0.5272864103317261 66
1730320814111 0.526339054107666 67
1730321274780 0.5221084952354431 68
1730321737747 0.5288259387016296 69
1730322200505 0.529083788394928 70
1730322661998 0.5216028094291687 71
1730323126055 0.5277235507965088 72
1730323589526 0.5224498510360718 73
1730324053076 0.5224934220314026 74
1730324514032 0.5092597007751465 75
1730324977332 0.5111874341964722 76
1730325440519 0.5061280727386475 77
1730325902522 0.5099557042121887 78
1730326363956 0.5127993226051331 79
1730326827059 0.5126071572303772 80
