1731234711909 0.5054166913032532 0
1731235108372 0.4958333373069763 1
1731235505484 0.4959166646003723 2
1731235902235 0.49825000762939453 3
1731236299671 0.5026666522026062 4
1731236696535 0.5100833177566528 5
1731237093018 0.5041666626930237 6
1731237490031 0.5074999928474426 7
1731237886767 0.5047500133514404 8
1731238283434 0.5056666731834412 9
1731238680502 0.5072500109672546 10
1731239077252 0.5074999928474426 11
1731239474600 0.5121666789054871 12
1731239871614 0.5177500247955322 13
1731240268954 0.512416660785675 14
1731240666095 0.5220833420753479 15
1731241063394 0.5221666693687439 16
1731241459887 0.5252500176429749 17
1731241857228 0.5174999833106995 18
1731242254731 0.5247499942779541 19
1731242651946 0.5260833501815796 20
1731243048959 0.5265833139419556 21
1731243446127 0.5402500033378601 22
1731243843210 0.5352500081062317 23
1731244240727 0.5333333611488342 24
1731244638506 0.5443333387374878 25
1731245036900 0.5394166707992554 26
1731245436231 0.5444166660308838 27
1731245834327 0.5464166402816772 28
1731246231365 0.546750009059906 29
1731246629074 0.5494166612625122 30
1731247026314 0.5530833601951599 31
1731247423877 0.5580000281333923 32
1731247821133 0.5616666674613953 33
1731248224227 0.562166690826416 34
1731248630451 0.5659166574478149 35
1731249030882 0.578083336353302 36
1731249432036 0.5770000219345093 37
1731249833393 0.5889166593551636 38
1731250235140 0.5883333086967468 39
