1731234711909 1.0839931964874268 0
1731235108372 1.0100699663162231 1
1731235505484 1.0036863088607788 2
1731235902235 1.0006879568099976 3
1731236299671 0.9944871664047241 4
1731236696535 0.9917676448822021 5
1731237093018 0.9873607754707336 6
1731237490031 0.9829571843147278 7
1731237886767 0.9793860912322998 8
1731238283434 0.9748485684394836 9
1731238680502 0.9712482690811157 10
1731239077252 0.9672590494155884 11
1731239474600 0.9654382467269897 12
1731239871614 0.9620906710624695 13
1731240268954 0.959779679775238 14
1731240666095 0.9584954380989075 15
1731241063394 0.956884503364563 16
1731241459887 0.9536743760108948 17
1731241857228 0.9533286690711975 18
1731242254731 0.9524279832839966 19
1731242651946 0.9520665407180786 20
1731243048959 0.9478456377983093 21
1731243446127 0.9461510181427002 22
1731243843210 0.9460512399673462 23
1731244240727 0.9432428479194641 24
1731244638506 0.9408879280090332 25
1731245036900 0.941037118434906 26
1731245436231 0.9369001984596252 27
1731245834327 0.9331386089324951 28
1731246231365 0.9306997060775757 29
1731246629074 0.9281156659126282 30
1731247026314 0.9266613721847534 31
1731247423877 0.9213292002677917 32
1731247821133 0.9185316562652588 33
1731248224227 0.9157851338386536 34
1731248630451 0.9129096865653992 35
1731249030882 0.9086836576461792 36
1731249432036 0.9050429463386536 37
1731249833393 0.9015233516693115 38
1731250235140 0.8992398381233215 39
