1732127450360 0.49674999713897705 0
1732127853687 0.4907500147819519 1
1732128257441 0.4945833384990692 2
1732128661130 0.4879166781902313 3
1732129064487 0.5018333196640015 4
1732129468633 0.49674999713897705 5
1732129872557 0.5050833225250244 6
1732130276369 0.5049999952316284 7
1732130681072 0.5166666507720947 8
1732131085265 0.5382500290870667 9
1732131489757 0.549916684627533 10
1732131893917 0.5695833563804626 11
1732132297971 0.5776666402816772 12
1732132702166 0.5890833139419556 13
1732133106326 0.5912500023841858 14
1732133510652 0.5915833115577698 15
1732133914797 0.6034166812896729 16
1732134318499 0.6138333082199097 17
1732134722140 0.6147500276565552 18
1732135126178 0.6174166798591614 19
1732135530102 0.6191666722297668 20
1732135932965 0.6244166493415833 21
1732136336739 0.6330000162124634 22
1732136741141 0.6327499747276306 23
1732137144445 0.6384999752044678 24
1732137547820 0.6449999809265137 25
1732137951629 0.6485833525657654 26
1732138355098 0.655916690826416 27
1732138758695 0.6610000133514404 28
1732139161629 0.6625000238418579 29
1732139564719 0.6619166731834412 30
1732139968323 0.6660000085830688 31
1732140372275 0.6736666560173035 32
1732140775073 0.6729166507720947 33
1732141178309 0.6851666569709778 34
1732141581271 0.6819166541099548 35
1732141985035 0.6875 36
1732142388621 0.6947500109672546 37
1732142791327 0.6969166398048401 38
1732143195185 0.7064999938011169 39
1732143599288 0.7044166922569275 40
1732144001665 0.7089166641235352 41
1732144404777 0.7225000262260437 42
1732144807011 0.7327499985694885 43
1732145209812 0.7358333468437195 44
1732145612692 0.7430833578109741 45
1732146014802 0.737416684627533 46
1732146416625 0.7455000281333923 47
1732146818409 0.7484166622161865 48
1732147220907 0.7545833587646484 49
1732147623776 0.7574166655540466 50
1732148027254 0.762416660785675 51
1732148430354 0.765666663646698 52
1732148833230 0.7615000009536743 53
1732149236172 0.7694166898727417 54
1732149639593 0.7768333554267883 55
1732150042960 0.7734166383743286 56
1732150444970 0.7774166464805603 57
1732150847396 0.7804999947547913 58
1732151250166 0.7785000205039978 59
1732151653260 0.7800833582878113 60
1732152056153 0.7854166626930237 61
1732152458919 0.7887499928474426 62
1732152861577 0.796833336353302 63
1732153264102 0.7941666841506958 64
1732153666935 0.7945833206176758 65
1732154070079 0.7950833439826965 66
1732154472892 0.796500027179718 67
1732154875610 0.8040833473205566 68
1732155278263 0.8012499809265137 69
1732155681039 0.7994999885559082 70
1732156083906 0.7993333339691162 71
1732156486514 0.8043333292007446 72
1732156889139 0.8087499737739563 73
1732157291697 0.8101666569709778 74
1732157694562 0.8109166622161865 75
1732158097191 0.8099166750907898 76
1732158499685 0.8055833578109741 77
1732158902322 0.8105000257492065 78
1732159304799 0.8139166831970215 79
1732159707793 0.8189166784286499 80
1732160110425 0.8167499899864197 81
1732160513028 0.8192499876022339 82
1732160915643 0.8235833048820496 83
1732161318219 0.8129166960716248 84
1732161721398 0.8197500109672546 85
1732162124255 0.8224166631698608 86
1732162526766 0.8221666812896729 87
1732162929177 0.8226666450500488 88
1732163331721 0.8212500214576721 89
1732163734739 0.8261666893959045 90
1732164137459 0.8238333463668823 91
1732164540168 0.8268333077430725 92
1732164943039 0.8325833082199097 93
1732165345922 0.8287500143051147 94
1732165749128 0.8309999704360962 95
1732166152316 0.8332499861717224 96
1732166555280 0.8301666378974915 97
1732166958291 0.8374999761581421 98
1732167361451 0.8360000252723694 99
1732167764913 0.8293333053588867 100
1732168168032 0.8355000019073486 101
1732168571128 0.8261666893959045 102
1732168974216 0.8358333110809326 103
1732169377700 0.8367499709129333 104
1732169781218 0.8385000228881836 105
1732170184428 0.8418333530426025 106
1732170587642 0.8368333578109741 107
1732170990757 0.8350833058357239 108
1732171394019 0.8401666879653931 109
1732171797277 0.8410833477973938 110
1732172200205 0.8400833606719971 111
1732172603107 0.8412500023841858 112
1732173006141 0.8360833525657654 113
1732173409090 0.8479166626930237 114
1732173811814 0.8409166932106018 115
1732174214902 0.8415833115577698 116
1732174617564 0.8445000052452087 117
1732175020085 0.8504999876022339 118
1732175422920 0.8491666913032532 119
1732175825814 0.8460000157356262 120
1732176228592 0.8423333168029785 121
1732176630984 0.846750020980835 122
1732177033453 0.8431666493415833 123
1732177436052 0.8483333587646484 124
1732177838605 0.8504999876022339 125
1732178241105 0.8456666469573975 126
1732178643087 0.8456666469573975 127
1732179045101 0.8527500033378601 128
1732179447398 0.8543333411216736 129
1732179849694 0.8532500267028809 130
1732180251838 0.8485833406448364 131
1732180653864 0.856166660785675 132
1732181055947 0.8479999899864197 133
1732181458173 0.8551666736602783 134
1732181860131 0.8517500162124634 135
1732182261804 0.8615000247955322 136
1732182663571 0.856083333492279 137
1732183065311 0.8575000166893005 138
1732183467091 0.8514999747276306 139
1732183868931 0.8530833125114441 140
1732184270764 0.8519999980926514 141
1732184672319 0.85916668176651 142
1732185073731 0.8521666526794434 143
1732185475279 0.8536666631698608 144
1732185877009 0.8587499856948853 145
1732186278577 0.8586666584014893 146
1732186679937 0.8565833568572998 147
1732187081370 0.8569166660308838 148
1732187483114 0.8585833311080933 149
1732187884448 0.8565833568572998 150
1732188285655 0.862666666507721 151
1732188687118 0.859083354473114 152
1732189088351 0.8575833439826965 153
1732189490031 0.8575000166893005 154
1732189891396 0.8610000014305115 155
1732190292568 0.8617500066757202 156
1732190693756 0.8588333129882812 157
1732191094917 0.8601666688919067 158
1732191496482 0.8575000166893005 159
1732191897720 0.8638333082199097 160
1732192298864 0.8559166789054871 161
1732192700546 0.862583339214325 162
1732193102202 0.862666666507721 163
1732193504031 0.8574166893959045 164
1732193905269 0.8621666431427002 165
1732194306573 0.8579999804496765 166
1732194708010 0.8672500252723694 167
1732195109976 0.8655833601951599 168
1732195512832 0.8629999756813049 169
1732195916537 0.8703333139419556 170
1732196321522 0.8723333477973938 171
1732196722838 0.8649166822433472 172
1732197124679 0.8659999966621399 173
1732197526186 0.8725833296775818 174
1732197931421 0.8674166798591614 175
1732198338856 0.8612499833106995 176
1732198744973 0.8712499737739563 177
1732199149970 0.8705000281333923 178
1732199554944 0.8691666722297668 179
1732199961077 0.8703333139419556 180
1732200367581 0.8741666674613953 181
1732200773029 0.8694999814033508 182
1732201179020 0.8655833601951599 183
1732201585508 0.8689166903495789 184
1732201992257 0.8704166412353516 185
1732202398598 0.8693333268165588 186
1732202805172 0.8755000233650208 187
1732203212112 0.872083306312561 188
1732203618429 0.8738333582878113 189
1732204024588 0.8690833449363708 190
1732204431394 0.8706666827201843 191
1732204837811 0.8673333525657654 192
1732205243806 0.871999979019165 193
1732205650722 0.875333309173584 194
1732206057117 0.8723333477973938 195
1732206463115 0.871749997138977 196
1732206869846 0.8731666803359985 197
1732207276492 0.8732500076293945 198
1732207683366 0.8697500228881836 199
1732208091042 0.8692499995231628 200
1732208498992 0.871916651725769 201
1732208906412 0.8765833377838135 202
1732209314163 0.8715833425521851 203
1732209721261 0.8709166646003723 204
1732210129854 0.8715000152587891 205
1732210540889 0.8691666722297668 206
1732210948420 0.8736666440963745 207
1732211355175 0.8754166960716248 208
1732211762431 0.8744999766349792 209
1732212170493 0.8694999814033508 210
1732212577719 0.878166675567627 211
1732212984522 0.8669166564941406 212
1732213392020 0.8729166388511658 213
1732213800249 0.877916693687439 214
1732214212178 0.8754166960716248 215
1732214626171 0.8742499947547913 216
1732215038162 0.8765000104904175 217
1732215445663 0.8727499842643738 218
1732215855948 0.8732500076293945 219
1732216266690 0.8778333067893982 220
1732216677161 0.8754166960716248 221
1732217088443 0.8767499923706055 222
1732217497198 0.878166675567627 223
1732217910254 0.874916672706604 224
1732218320632 0.8777499794960022 225
1732218728980 0.8774999976158142 226
1732219136800 0.878166675567627 227
1732219546903 0.8775833249092102 228
1732219960127 0.8811666369438171 229
