1732127450360 1.4510565996170044 0
1732127853687 1.1599081754684448 1
1732128257441 1.0562989711761475 2
1732128661130 1.008290410041809 3
1732129064487 0.9751124382019043 4
1732129468633 0.9555429816246033 5
1732129872557 0.9351500868797302 6
1732130276369 0.9192349314689636 7
1732130681072 0.900744616985321 8
1732131085265 0.8786625862121582 9
1732131489757 0.8646281957626343 10
1732131893917 0.8444966673851013 11
1732132297971 0.8260881304740906 12
1732132702166 0.8083308935165405 13
1732133106326 0.7979021072387695 14
1732133510652 0.7926777601242065 15
1732133914797 0.7742184996604919 16
1732134318499 0.7625340819358826 17
1732134722140 0.7536228895187378 18
1732135126178 0.7456762790679932 19
1732135530102 0.7356982231140137 20
1732135932965 0.7264089584350586 21
1732136336739 0.7129000425338745 22
1732136741141 0.713466465473175 23
1732137144445 0.70807284116745 24
1732137547820 0.6914737820625305 25
1732137951629 0.677842915058136 26
1732138355098 0.6706303954124451 27
1732138758695 0.6631962656974792 28
1732139161629 0.6604225635528564 29
1732139564719 0.656852126121521 30
1732139968323 0.6473491787910461 31
1732140372275 0.6362562775611877 32
1732140775073 0.6338273286819458 33
1732141178309 0.6214070320129395 34
1732141581271 0.6197845339775085 35
1732141985035 0.6143289804458618 36
1732142388621 0.6067605018615723 37
1732142791327 0.6006468534469604 38
1732143195185 0.5898392796516418 39
1732143599288 0.5858502388000488 40
1732144001665 0.5780344605445862 41
1732144404777 0.5682655572891235 42
1732144807011 0.5503522753715515 43
1732145209812 0.550499439239502 44
1732145612692 0.545902669429779 45
1732146014802 0.5413771271705627 46
1732146416625 0.5232146382331848 47
1732146818409 0.5235258936882019 48
1732147220907 0.5197356939315796 49
1732147623776 0.5187520980834961 50
1732148027254 0.5038759708404541 51
1732148430354 0.5037050247192383 52
1732148833230 0.5120239853858948 53
1732149236172 0.4983474612236023 54
1732149639593 0.48575127124786377 55
1732150042960 0.49505358934402466 56
1732150444970 0.48318782448768616 57
1732150847396 0.4773535132408142 58
1732151250166 0.4812966585159302 59
1732151653260 0.4724634885787964 60
1732152056153 0.4801522195339203 61
1732152458919 0.4690210819244385 62
1732152861577 0.4639453887939453 63
1732153264102 0.4608725309371948 64
1732153666935 0.4597751498222351 65
1732154070079 0.4589903652667999 66
1732154472892 0.4592988193035126 67
1732154875610 0.446361243724823 68
1732155278263 0.45639604330062866 69
1732155681039 0.45946601033210754 70
1732156083906 0.45741006731987 71
1732156486514 0.45290693640708923 72
1732156889139 0.45009905099868774 73
1732157291697 0.4447740912437439 74
1732157694562 0.4419253468513489 75
1732158097191 0.4444577097892761 76
1732158499685 0.44865748286247253 77
1732158902322 0.4386128783226013 78
1732159304799 0.439820259809494 79
1732159707793 0.43035534024238586 80
1732160110425 0.4363568127155304 81
1732160513028 0.4384252429008484 82
1732160915643 0.43048521876335144 83
1732161318219 0.43845275044441223 84
1732161721398 0.4352564811706543 85
1732162124255 0.4292573928833008 86
1732162526766 0.4376257359981537 87
1732162929177 0.43146342039108276 88
1732163331721 0.42860180139541626 89
1732163734739 0.4324154853820801 90
1732164137459 0.42358455061912537 91
1732164540168 0.4302050471305847 92
1732164943039 0.42444559931755066 93
1732165345922 0.4279927909374237 94
1732165749128 0.42670437693595886 95
1732166152316 0.4262823462486267 96
1732166555280 0.4227711856365204 97
1732166958291 0.4113665819168091 98
1732167361451 0.4233788549900055 99
1732167764913 0.43360602855682373 100
1732168168032 0.42276012897491455 101
1732168571128 0.42296674847602844 102
1732168974216 0.42556989192962646 103
1732169377700 0.41866445541381836 104
1732169781218 0.41279760003089905 105
1732170184428 0.4180144965648651 106
1732170587642 0.42065075039863586 107
1732170990757 0.4235955476760864 108
1732171394019 0.4225865602493286 109
1732171797277 0.4165285527706146 110
1732172200205 0.4204484820365906 111
1732172603107 0.42325255274772644 112
1732173006141 0.4200355112552643 113
1732173409090 0.405826210975647 114
1732173811814 0.418547123670578 115
1732174214902 0.4249630868434906 116
1732174617564 0.4110376238822937 117
1732175020085 0.40573713183403015 118
1732175422920 0.41018450260162354 119
1732175825814 0.41425076127052307 120
1732176228592 0.4130370616912842 121
1732176630984 0.4169313609600067 122
1732177033453 0.41647017002105713 123
1732177436052 0.4131053388118744 124
1732177838605 0.411496102809906 125
1732178241105 0.4162966310977936 126
1732178643087 0.4100620448589325 127
1732179045101 0.40297362208366394 128
1732179447398 0.40393102169036865 129
1732179849694 0.40714892745018005 130
1732180251838 0.41068899631500244 131
1732180653864 0.40404337644577026 132
1732181055947 0.4251640737056732 133
1732181458173 0.40729349851608276 134
1732181860131 0.4044873118400574 135
1732182261804 0.39850232005119324 136
1732182663571 0.4010240435600281 137
1732183065311 0.4067268967628479 138
1732183467091 0.4076714813709259 139
1732183868931 0.40729236602783203 140
1732184270764 0.4124819338321686 141
1732184672319 0.39897140860557556 142
1732185073731 0.40518853068351746 143
1732185475279 0.4120504558086395 144
1732185877009 0.4024401009082794 145
1732186278577 0.3985348343849182 146
1732186679937 0.40577396750450134 147
1732187081370 0.40408313274383545 148
1732187483114 0.4118393063545227 149
1732187884448 0.41330692172050476 150
1732188285655 0.4005930721759796 151
1732188687118 0.40969738364219666 152
1732189088351 0.4041196405887604 153
1732189490031 0.4090169370174408 154
1732189891396 0.3953832983970642 155
1732190292568 0.40427452325820923 156
1732190693756 0.40650346875190735 157
1732191094917 0.40200167894363403 158
1732191496482 0.40641096234321594 159
1732191897720 0.3940298557281494 160
1732192298864 0.4072016477584839 161
1732192700546 0.39735472202301025 162
1732193102202 0.40091580152511597 163
1732193504031 0.4094674587249756 164
1732193905269 0.401577889919281 165
1732194306573 0.40672948956489563 166
1732194708010 0.3882104158401489 167
1732195109976 0.3945494294166565 168
1732195512832 0.40348413586616516 169
1732195916537 0.3917883038520813 170
1732196321522 0.3922550082206726 171
1732196722838 0.39875826239585876 172
1732197124679 0.40217679738998413 173
1732197526186 0.38797619938850403 174
1732197931421 0.3923303186893463 175
1732198338856 0.4088854193687439 176
1732198744973 0.39520367980003357 177
1732199149970 0.397308349609375 178
1732199554944 0.39733484387397766 179
1732199961077 0.3957260251045227 180
1732200367581 0.38799959421157837 181
1732200773029 0.39788153767585754 182
1732201179020 0.41109520196914673 183
1732201585508 0.3975103497505188 184
1732201992257 0.39375609159469604 185
1732202398598 0.3964018225669861 186
1732202805172 0.3929055631160736 187
1732203212112 0.39523497223854065 188
1732203618429 0.3943730592727661 189
1732204024588 0.40271466970443726 190
1732204431394 0.3942980170249939 191
1732204837811 0.4051492512226105 192
1732205243806 0.3909843862056732 193
1732205650722 0.38769054412841797 194
1732206057117 0.39546307921409607 195
1732206463115 0.3946201503276825 196
1732206869846 0.391396164894104 197
1732207276492 0.40002238750457764 198
1732207683366 0.3963853418827057 199
1732208091042 0.40030211210250854 200
1732208498992 0.3900476098060608 201
1732208906412 0.38796621561050415 202
1732209314163 0.39761731028556824 203
1732209721261 0.3894406855106354 204
1732210129854 0.3965578079223633 205
1732210540889 0.40614771842956543 206
1732210948420 0.3973159193992615 207
1732211355175 0.38994666934013367 208
1732211762431 0.39473772048950195 209
1732212170493 0.4017165005207062 210
1732212577719 0.3858473598957062 211
1732212984522 0.40540939569473267 212
1732213392020 0.3927841782569885 213
1732213800249 0.38340792059898376 214
1732214212178 0.38806453347206116 215
1732214626171 0.39758360385894775 216
1732215038162 0.3865283727645874 217
1732215445663 0.3955342471599579 218
1732215855948 0.4002678096294403 219
1732216266690 0.3917868137359619 220
1732216677161 0.39269572496414185 221
1732217088443 0.39679965376853943 222
1732217497198 0.3882278501987457 223
1732217910254 0.39730867743492126 224
1732218320632 0.3892952501773834 225
1732218728980 0.39521709084510803 226
1732219136800 0.39440998435020447 227
1732219546903 0.3897561728954315 228
1732219960127 0.3836011588573456 229
