1731037104236 0.4976666569709778 0
1731037499214 0.500249981880188 1
1731037894265 0.5069166421890259 2
1731038289062 0.5018333196640015 3
1731038682990 0.5057500004768372 4
1731039077233 0.5019166469573975 5
1731039472009 0.5099999904632568 6
1731039866586 0.5064166784286499 7
1731040264168 0.5055000185966492 8
1731040661421 0.5071666836738586 9
1731041054547 0.5139166712760925 10
1731041447696 0.5111666917800903 11
1731041841365 0.5113333463668823 12
1731042234339 0.515666663646698 13
1731042627362 0.5167499780654907 14
1731043020190 0.5139999985694885 15
1731043412889 0.5215833187103271 16
1731043805620 0.518916666507721 17
1731044198252 0.5138333439826965 18
1731044591192 0.5213333368301392 19
1731044983875 0.518583357334137 20
1731045376754 0.5130833387374878 21
1731045770054 0.5259166955947876 22
1731046164448 0.5230000019073486 23
1731046558242 0.5243333578109741 24
1731046951568 0.5289999842643738 25
1731047344861 0.5260833501815796 26
1731047738372 0.5359166860580444 27
1731048132005 0.5403333306312561 28
1731048526088 0.5418333411216736 29
1731048919785 0.5425000190734863 30
1731049313607 0.5410000085830688 31
1731049707172 0.5449166893959045 32
1731050100048 0.5509166717529297 33
1731050492837 0.5567499995231628 34
1731050885689 0.562166690826416 35
1731051279524 0.5586666464805603 36
1731051672865 0.562749981880188 37
1731052065357 0.5641666650772095 38
1731052457961 0.5710833072662354 39
1731052850253 0.5736666917800903 40
1731053242911 0.5862500071525574 41
1731053636372 0.5764166712760925 42
1731054030498 0.5818333625793457 43
1731054424199 0.5825833082199097 44
1731054817335 0.5954166650772095 45
1731055210509 0.5958333611488342 46
1731055603538 0.5961666703224182 47
1731055996548 0.5958333611488342 48
1731056389247 0.606416642665863 49
1731056781633 0.6026666760444641 50
1731057174036 0.6071666479110718 51
1731057566469 0.609000027179718 52
1731057958938 0.6019166707992554 53
1731058352486 0.6165833473205566 54
1731058745963 0.6188333630561829 55
1731059138603 0.6228333115577698 56
1731059532130 0.6214166879653931 57
1731059925787 0.6134166717529297 58
1731060319241 0.624916672706604 59
1731060712388 0.6244999766349792 60
1731061105485 0.6225833296775818 61
1731061498634 0.6275833249092102 62
1731061891885 0.6240000128746033 63
1731062285428 0.6322500109672546 64
1731062678865 0.6305000185966492 65
1731063071927 0.6369166374206543 66
1731063465186 0.6305000185966492 67
1731063858137 0.6259999871253967 68
1731064250622 0.6410833597183228 69
1731064642853 0.6418333053588867 70
1731065036686 0.6396666765213013 71
1731065430399 0.637583315372467 72
1731065823534 0.6410833597183228 73
1731066216307 0.6358333230018616 74
1731066609320 0.6340833306312561 75
1731067002559 0.6399166584014893 76
1731067395780 0.6399999856948853 77
1731067789123 0.6410833597183228 78
1731068182726 0.6381666660308838 79
1731068575837 0.6416666507720947 80
1731068968865 0.6495833396911621 81
1731069362341 0.6489999890327454 82
1731069755982 0.6390833258628845 83
1731070149797 0.6445000171661377 84
1731070544097 0.6440833210945129 85
1731070938319 0.640333354473114 86
1731071331812 0.6424166560173035 87
1731071725297 0.6451666951179504 88
1731072119732 0.6460000276565552 89
1731072516091 0.6475833058357239 90
1731072910781 0.6465833187103271 91
1731073304523 0.6495833396911621 92
1731073698122 0.6424166560173035 93
1731074092009 0.6459166407585144 94
1731074485128 0.6461666822433472 95
