1731037104236 0.9959414601325989 0
1731037499214 0.9717189073562622 1
1731037894265 0.96771639585495 2
1731038289062 0.9647541642189026 3
1731038682990 0.9618635773658752 4
1731039077233 0.960142970085144 5
1731039472009 0.9577641487121582 6
1731039866586 0.9563600420951843 7
1731040264168 0.9540231227874756 8
1731040661421 0.9533683061599731 9
1731041054547 0.9512078166007996 10
1731041447696 0.950854480266571 11
1731041841365 0.9501574635505676 12
1731042234339 0.9492830634117126 13
1731042627362 0.948430597782135 14
1731043020190 0.9479432702064514 15
1731043412889 0.944777250289917 16
1731043805620 0.9449520111083984 17
1731044198252 0.9448547959327698 18
1731044591192 0.9423177242279053 19
1731044983875 0.9432184100151062 20
1731045376754 0.9420960545539856 21
1731045770054 0.9396017789840698 22
1731046164448 0.9392136335372925 23
1731046558242 0.9370827674865723 24
1731046951568 0.9358497858047485 25
1731047344861 0.9365471005439758 26
1731047738372 0.9329209923744202 27
1731048132005 0.9332110285758972 28
1731048526088 0.9311800003051758 29
1731048919785 0.9293290972709656 30
1731049313607 0.9277464151382446 31
1731049707172 0.9260862469673157 32
1731050100048 0.9245311617851257 33
1731050492837 0.9194743037223816 34
1731050885689 0.9189898371696472 35
1731051279524 0.9162281155586243 36
1731051672865 0.9126853942871094 37
1731052065357 0.9101032018661499 38
1731052457961 0.9060842394828796 39
1731052850253 0.9036434888839722 40
1731053242911 0.9002729654312134 41
1731053636372 0.8986266851425171 42
1731054030498 0.8983275294303894 43
1731054424199 0.8947665095329285 44
1731054817335 0.8910054564476013 45
1731055210509 0.8881851434707642 46
1731055603538 0.8859047293663025 47
1731055996548 0.8836896419525146 48
1731056389247 0.8808963894844055 49
1731056781633 0.8783068656921387 50
1731057174036 0.8764153718948364 51
1731057566469 0.8746077418327332 52
1731057958938 0.8740096688270569 53
1731058352486 0.8729163408279419 54
1731058745963 0.8674251437187195 55
1731059138603 0.8653752207756042 56
1731059532130 0.8644823431968689 57
1731059925787 0.8647746443748474 58
1731060319241 0.8607181906700134 59
1731060712388 0.8620316386222839 60
1731061105485 0.8635320663452148 61
1731061498634 0.8558618426322937 62
1731061891885 0.8575089573860168 63
1731062285428 0.8523947596549988 64
1731062678865 0.8547661900520325 65
1731063071927 0.8517601490020752 66
1731063465186 0.8510721921920776 67
1731063858137 0.8529537916183472 68
1731064250622 0.8468387722969055 69
1731064642853 0.8495064377784729 70
1731065036686 0.8506324291229248 71
1731065430399 0.8465256094932556 72
1731065823534 0.8464958667755127 73
1731066216307 0.8455226421356201 74
1731066609320 0.8485087752342224 75
1731067002559 0.8442701101303101 76
1731067395780 0.8444585204124451 77
1731067789123 0.8415926098823547 78
1731068182726 0.8435376882553101 79
1731068575837 0.8419103026390076 80
1731068968865 0.8370468020439148 81
1731069362341 0.8378170728683472 82
1731069755982 0.841061532497406 83
1731070149797 0.8382201194763184 84
1731070544097 0.837104082107544 85
1731070938319 0.8405758738517761 86
1731071331812 0.8367287516593933 87
1731071725297 0.8374293446540833 88
1731072119732 0.8369703888893127 89
1731072516091 0.8375722765922546 90
1731072910781 0.836481511592865 91
1731073304523 0.8325939178466797 92
1731073698122 0.8362395167350769 93
1731074092009 0.8363237380981445 94
1731074485128 0.8352422714233398 95
