1734106826388 0.499833345413208 0
1734107209082 0.5134999752044678 1
1734107591844 0.5129166841506958 2
1734107974902 0.5190833210945129 3
1734108354433 0.5184999704360962 4
1734108732425 0.5142499804496765 5
1734109110124 0.5227500200271606 6
1734109487777 0.5175833106040955 7
1734109865726 0.5258333086967468 8
1734110246762 0.5346666574478149 9
1734110629897 0.5274999737739563 10
1734111012412 0.5244166851043701 11
1734111394946 0.5346666574478149 12
1734111777733 0.5433333516120911 13
1734112160697 0.5397499799728394 14
1734112543661 0.5303333401679993 15
1734112926330 0.5400833487510681 16
1734113309034 0.5404999852180481 17
1734113692204 0.5383333563804626 18
1734114075229 0.5397499799728394 19
1734114458141 0.5490833520889282 20
1734114841436 0.546750009059906 21
1734115224559 0.54708331823349 22
1734115607536 0.54708331823349 23
1734115990252 0.5513333082199097 24
1734116369441 0.5539166927337646 25
1734116751528 0.5568333268165588 26
1734117134820 0.5565000176429749 27
1734117516974 0.5553333163261414 28
1734117899785 0.5652499794960022 29
1734118282015 0.5634999871253967 30
1734118664218 0.5611666440963745 31
1734119046379 0.5662500262260437 32
1734119428431 0.5644999742507935 33
1734119810947 0.5711666941642761 34
1734120190235 0.5838333368301392 35
1734120568372 0.5795000195503235 36
1734120946382 0.57833331823349 37
1734121324491 0.581083357334137 38
1734121702661 0.5847499966621399 39
1734122080535 0.5910833477973938 40
1734122458803 0.5874999761581421 41
1734122836949 0.593666672706604 42
1734123214920 0.5987499952316284 43
1734123592958 0.6007500290870667 44
1734123970935 0.6085833311080933 45
1734124349176 0.6067500114440918 46
1734124728067 0.6131666898727417 47
1734125106157 0.6132500171661377 48
1734125484023 0.622083306312561 49
1734125861792 0.6212499737739563 50
1734126239654 0.6234999895095825 51
1734126617477 0.6317499876022339 52
1734126995621 0.625166654586792 53
1734127373363 0.640250027179718 54
1734127751154 0.6383333206176758 55
1734128129114 0.6361666917800903 56
1734128507048 0.6428333520889282 57
1734128884951 0.6386666893959045 58
1734129262792 0.6380000114440918 59
1734129640641 0.6467499732971191 60
1734130018449 0.6453333497047424 61
1734130396160 0.6503333449363708 62
1734130773973 0.6487500071525574 63
1734131151585 0.6496666669845581 64
1734131529195 0.6452500224113464 65
1734131907152 0.6464166641235352 66
1734132285038 0.6579999923706055 67
1734132662752 0.6545000076293945 68
1734133040276 0.6582499742507935 69
1734133418028 0.6626666784286499 70
1734133795804 0.6662499904632568 71
1734134173485 0.6636666655540466 72
1734134551097 0.668666660785675 73
1734134929016 0.6713333129882812 74
1734135306665 0.67208331823349 75
1734135683946 0.6761666536331177 76
1734136062032 0.6742500066757202 77
1734136439719 0.6752499938011169 78
1734136817535 0.6806666851043701 79
1734137195315 0.6836666464805603 80
1734137572909 0.6747499704360962 81
1734137950611 0.6825833320617676 82
1734138327963 0.6806666851043701 83
1734138705322 0.6834999918937683 84
1734139082701 0.6870833039283752 85
1734139460135 0.6850833296775818 86
1734139837663 0.6801666617393494 87
1734140214016 0.684166669845581 88
1734140590269 0.6943333148956299 89
1734140973242 0.6939166784286499 90
1734141356040 0.6909166574478149 91
1734141738932 0.6954166889190674 92
1734142122068 0.690666675567627 93
1734142504956 0.687333345413208 94
1734142887875 0.6975833177566528 95
1734143271124 0.6924999952316284 96
1734143653727 0.6985833048820496 97
1734144036292 0.7050833106040955 98
1734144419154 0.6995000243186951 99
1734144801987 0.6978333592414856 100
1734145184710 0.7058333158493042 101
1734145567634 0.7045833468437195 102
1734145950596 0.7049999833106995 103
1734146333408 0.7080000042915344 104
1734146716003 0.7102500200271606 105
1734147098451 0.7081666588783264 106
1734147481259 0.7080000042915344 107
1734147864010 0.7114999890327454 108
1734148246604 0.7135000228881836 109
1734148629222 0.7132499814033508 110
1734149012066 0.7193333506584167 111
1734149394845 0.7202500104904175 112
1734149776199 0.7177500128746033 113
1734150155995 0.722083330154419 114
1734150535611 0.7251666784286499 115
1734150913781 0.7243333458900452 116
1734151292105 0.7210000157356262 117
1734151670156 0.7197499871253967 118
1734152048575 0.7287499904632568 119
1734152427055 0.7289999723434448 120
1734152805199 0.731416642665863 121
1734153183394 0.7266666889190674 122
1734153561471 0.7232499718666077 123
1734153939967 0.7307500243186951 124
1734154318137 0.731333315372467 125
1734154696097 0.7286666631698608 126
1734155074057 0.7300000190734863 127
1734155452307 0.7318333387374878 128
1734155830360 0.7338333129882812 129
1734156208243 0.7303333282470703 130
1734156586362 0.7287499904632568 131
1734156964512 0.7354999780654907 132
1734157342554 0.7419166564941406 133
1734157720573 0.7404999732971191 134
1734158098873 0.7444999814033508 135
1734158477049 0.7428333163261414 136
1734158855108 0.7414166927337646 137
1734159233099 0.7425000071525574 138
1734159610974 0.7440000176429749 139
1734159988999 0.7428333163261414 140
1734160367007 0.7420833110809326 141
1734160744831 0.746833324432373 142
1734161122572 0.7418333292007446 143
1734161500647 0.7487499713897705 144
1734161878721 0.7508333325386047 145
1734162256271 0.7536666393280029 146
1734162633968 0.7524999976158142 147
1734163011875 0.7506666779518127 148
1734163389742 0.750333309173584 149
1734163767522 0.7519999742507935 150
1734164145490 0.7549166679382324 151
1734164523437 0.749916672706604 152
1734164901505 0.7540833353996277 153
1734165279429 0.7599999904632568 154
1734165657336 0.7539166808128357 155
1734166035266 0.7607499957084656 156
1734166413166 0.7481666803359985 157
1734166790929 0.7549166679382324 158
1734167168629 0.7539166808128357 159
1734167546485 0.7563333511352539 160
1734167924258 0.7663333415985107 161
1734168302172 0.7690833210945129 162
1734168680005 0.7632499933242798 163
1734169057751 0.765999972820282 164
1734169435674 0.7651666402816772 165
1734169813474 0.7692499756813049 166
1734170191330 0.7661666870117188 167
1734170569210 0.7705833315849304 168
1734170947234 0.7639166712760925 169
1734171325024 0.7712500095367432 170
1734171702997 0.7700833082199097 171
1734172080937 0.768583357334137 172
1734172458894 0.7716666460037231 173
1734172836633 0.768916666507721 174
1734173214365 0.768916666507721 175
1734173592044 0.768583357334137 176
1734173970044 0.7735833525657654 177
1734174347717 0.7757499814033508 178
1734174725171 0.7764999866485596 179
1734175102660 0.7761666774749756 180
1734175480289 0.7766666412353516 181
1734175857994 0.7694166898727417 182
1734176235415 0.7807499766349792 183
1734176612730 0.7730833292007446 184
1734176990251 0.778333306312561 185
1734177367689 0.7737500071525574 186
1734177745134 0.7804999947547913 187
1734178122773 0.7831666469573975 188
1734178500355 0.7768333554267883 189
1734178877850 0.7788333296775818 190
1734179255388 0.7851666808128357 191
1734179633053 0.7856666445732117 192
1734180010876 0.7856666445732117 193
1734180388505 0.7835833430290222 194
1734180765936 0.781499981880188 195
1734181143842 0.7861666679382324 196
1734181521772 0.7797499895095825 197
1734181899544 0.7864166498184204 198
1734182277310 0.7833333611488342 199
1734182654848 0.7836666703224182 200
1734183032812 0.7895833253860474 201
1734183410985 0.7906666398048401 202
1734183788825 0.7854166626930237 203
1734184166564 0.7881666421890259 204
1734184544695 0.7932500243186951 205
1734184922788 0.7882500290870667 206
1734185300587 0.7933333516120911 207
1734185678296 0.784583330154419 208
1734186056323 0.7904166579246521 209
1734186434371 0.7951666712760925 210
1734186812289 0.7910833358764648 211
1734187190197 0.7977499961853027 212
1734187568064 0.7946666479110718 213
1734187946158 0.7946666479110718 214
1734188324355 0.799916684627533 215
1734188702321 0.7940833568572998 216
1734189080721 0.796833336353302 217
1734189459042 0.793833315372467 218
1734189837087 0.7944166660308838 219
1734190215230 0.7990000247955322 220
