1734106826388 0.7092561721801758 0
1734107209082 0.695349931716919 1
1734107591844 0.6951726675033569 2
1734107974902 0.6944591999053955 3
1734108354433 0.694011390209198 4
1734108732425 0.6938269138336182 5
1734109110124 0.6923874616622925 6
1734109487777 0.6932033896446228 7
1734109865726 0.6928951740264893 8
1734110246762 0.6905127763748169 9
1734110629897 0.6919662952423096 10
1734111012412 0.6907656192779541 11
1734111394946 0.6902819275856018 12
1734111777733 0.6888414621353149 13
1734112160697 0.688207745552063 14
1734112543661 0.6889204382896423 15
1734112926330 0.6884364485740662 16
1734113309034 0.6877572536468506 17
1734113692204 0.6883518695831299 18
1734114075229 0.6868936419487 19
1734114458141 0.6855612993240356 20
1734114841436 0.6861293315887451 21
1734115224559 0.6833255887031555 22
1734115607536 0.6852564811706543 23
1734115990252 0.6829133033752441 24
1734116369441 0.6811732053756714 25
1734116751528 0.6801469922065735 26
1734117134820 0.6794214248657227 27
1734117516974 0.6778266429901123 28
1734117899785 0.6742701530456543 29
1734118282015 0.6756705045700073 30
1734118664218 0.6764841079711914 31
1734119046379 0.6725661754608154 32
1734119428431 0.6708453297615051 33
1734119810947 0.6690956354141235 34
1734120190235 0.662459671497345 35
1734120568372 0.6623497605323792 36
1734120946382 0.6627999544143677 37
1734121324491 0.6598371863365173 38
1734121702661 0.6560797095298767 39
1734122080535 0.6521923542022705 40
1734122458803 0.6493145823478699 41
1734122836949 0.6478304266929626 42
1734123214920 0.641925573348999 43
1734123592958 0.6367620825767517 44
1734123970935 0.6326781511306763 45
1734124349176 0.6256706714630127 46
1734124728067 0.6237942576408386 47
1734125106157 0.6212897300720215 48
1734125484023 0.6188535690307617 49
1734125861792 0.6135636568069458 50
1734126239654 0.6088667511940002 51
1734126617477 0.606964111328125 52
1734126995621 0.608528196811676 53
1734127373363 0.5964362621307373 54
1734127751154 0.5956565141677856 55
1734128129114 0.5984004139900208 56
1734128507048 0.5901197791099548 57
1734128884951 0.5922585725784302 58
1734129262792 0.5931392312049866 59
1734129640641 0.5851724147796631 60
1734130018449 0.5863985419273376 61
1734130396160 0.5802411437034607 62
1734130773973 0.581196129322052 63
1734131151585 0.5774784088134766 64
1734131529195 0.5820825695991516 65
1734131907152 0.5775871276855469 66
1734132285038 0.5702351331710815 67
1734132662752 0.5714721083641052 68
1734133040276 0.572810709476471 69
1734133418028 0.5649921298027039 70
1734133795804 0.5631715059280396 71
1734134173485 0.5649794340133667 72
1734134551097 0.5578667521476746 73
1734134929016 0.5579204559326172 74
1734135306665 0.5567067265510559 75
1734135683946 0.555118203163147 76
1734136062032 0.5515538454055786 77
1734136439719 0.5508886575698853 78
1734136817535 0.5493111610412598 79
1734137195315 0.5465962290763855 80
1734137572909 0.549105167388916 81
1734137950611 0.5436203479766846 82
1734138327963 0.5436685085296631 83
1734138705322 0.5418697595596313 84
1734139082701 0.5396727919578552 85
1734139460135 0.5388014316558838 86
1734139837663 0.5382615327835083 87
1734140214016 0.5345759987831116 88
1734140590269 0.5289943814277649 89
1734140973242 0.5328523516654968 90
1734141356040 0.5310600399971008 91
1734141738932 0.5354162454605103 92
1734142122068 0.5327419638633728 93
1734142504956 0.5301001071929932 94
1734142887875 0.5204323530197144 95
1734143271124 0.5298165082931519 96
1734143653727 0.5186878442764282 97
1734144036292 0.5195158123970032 98
1734144419154 0.5242683291435242 99
1734144801987 0.5148250460624695 100
1734145184710 0.5188222527503967 101
1734145567634 0.5115108489990234 102
1734145950596 0.5155191421508789 103
1734146333408 0.5102867484092712 104
1734146716003 0.5071569681167603 105
1734147098451 0.5092138051986694 106
1734147481259 0.5050938129425049 107
1734147864010 0.5070308446884155 108
1734148246604 0.5046714544296265 109
1734148629222 0.5019506216049194 110
1734149012066 0.49752116203308105 111
1734149394845 0.4961707890033722 112
1734149776199 0.49647074937820435 113
1734150155995 0.49482953548431396 114
1734150535611 0.4940483272075653 115
1734150913781 0.4897936284542084 116
1734151292105 0.4939943552017212 117
1734151670156 0.4898497760295868 118
1734152048575 0.48810359835624695 119
1734152427055 0.4793426990509033 120
1734152805199 0.4816311001777649 121
1734153183394 0.4844619631767273 122
1734153561471 0.4893036186695099 123
1734153939967 0.47768038511276245 124
1734154318137 0.47959667444229126 125
1734154696097 0.4805331528186798 126
1734155074057 0.4773586392402649 127
1734155452307 0.4750322997570038 128
1734155830360 0.471113920211792 129
1734156208243 0.4749371409416199 130
1734156586362 0.476704478263855 131
1734156964512 0.4673921763896942 132
1734157342554 0.4603669345378876 133
1734157720573 0.46208614110946655 134
1734158098873 0.46104153990745544 135
1734158477049 0.46228453516960144 136
1734158855108 0.4674542546272278 137
1734159233099 0.4622141420841217 138
1734159610974 0.4591926634311676 139
1734159988999 0.4577380418777466 140
1734160367007 0.4583463966846466 141
1734160744831 0.4530850350856781 142
1734161122572 0.45823702216148376 143
1734161500647 0.4491162598133087 144
1734161878721 0.4498107433319092 145
1734162256271 0.45148393511772156 146
1734162633968 0.4471454620361328 147
1734163011875 0.4448504149913788 148
1734163389742 0.4464205205440521 149
1734163767522 0.44442951679229736 150
1734164145490 0.4435214400291443 151
1734164523437 0.4435371458530426 152
1734164901505 0.441684365272522 153
1734165279429 0.4376504719257355 154
1734165657336 0.43743351101875305 155
1734166035266 0.4344048798084259 156
1734166413166 0.4458528757095337 157
1734166790929 0.43818116188049316 158
1734167168629 0.4346635639667511 159
1734167546485 0.43670353293418884 160
1734167924258 0.4285590946674347 161
1734168302172 0.42450132966041565 162
1734168680005 0.42631566524505615 163
1734169057751 0.4243510067462921 164
1734169435674 0.422115683555603 165
1734169813474 0.42276957631111145 166
1734170191330 0.42768436670303345 167
1734170569210 0.4188159704208374 168
1734170947234 0.4269030690193176 169
1734171325024 0.4143524467945099 170
1734171702997 0.42133283615112305 171
1734172080937 0.41965556144714355 172
1734172458894 0.41649195551872253 173
1734172836633 0.4161226749420166 174
1734173214365 0.4187733829021454 175
1734173592044 0.41554513573646545 176
1734173970044 0.41367748379707336 177
1734174347717 0.4121534526348114 178
1734174725171 0.40720438957214355 179
1734175102660 0.41002824902534485 180
1734175480289 0.4092197120189667 181
1734175857994 0.41194984316825867 182
1734176235415 0.4032033681869507 183
1734176612730 0.4110760986804962 184
1734176990251 0.40440070629119873 185
1734177367689 0.4096321761608124 186
1734177745134 0.39958178997039795 187
1734178122773 0.40023064613342285 188
1734178500355 0.4079703390598297 189
1734178877850 0.40202271938323975 190
1734179255388 0.3997868597507477 191
1734179633053 0.39494389295578003 192
1734180010876 0.3946327269077301 193
1734180388505 0.3975195288658142 194
1734180765936 0.3970687985420227 195
1734181143842 0.39500853419303894 196
1734181521772 0.3941088318824768 197
1734181899544 0.3921363949775696 198
1734182277310 0.3904690742492676 199
1734182654848 0.3939219117164612 200
1734183032812 0.39025118947029114 201
1734183410985 0.3899267613887787 202
1734183788825 0.39686915278434753 203
1734184166564 0.3890215754508972 204
1734184544695 0.38338717818260193 205
1734184922788 0.3856898546218872 206
1734185300587 0.3816175162792206 207
1734185678296 0.38919806480407715 208
1734186056323 0.38115233182907104 209
1734186434371 0.3782457709312439 210
1734186812289 0.3836608827114105 211
1734187190197 0.3790168762207031 212
1734187568064 0.37914082407951355 213
1734187946158 0.38303592801094055 214
1734188324355 0.37405139207839966 215
1734188702321 0.37739476561546326 216
1734189080721 0.3753747045993805 217
1734189459042 0.38248029351234436 218
1734189837087 0.3736817240715027 219
1734190215230 0.37253543734550476 220
