1731075304126 0.5160833597183228 0
1731075701889 0.5536666512489319 1
1731076099383 0.5744166374206543 2
1731076498592 0.5915833115577698 3
1731076894870 0.6071666479110718 4
1731077290776 0.6205833554267883 5
1731077687240 0.6243333220481873 6
1731078083932 0.6237499713897705 7
1731078483886 0.6307500004768372 8
1731078882276 0.6452500224113464 9
1731079281018 0.6425833106040955 10
1731079678687 0.6492499709129333 11
1731080075733 0.6481666564941406 12
1731080473566 0.6626666784286499 13
1731080871469 0.6610000133514404 14
1731081269066 0.6706666946411133 15
1731081666736 0.6781666874885559 16
1731082065049 0.6777499914169312 17
1731082462875 0.6828333139419556 18
1731082861845 0.6840000152587891 19
1731083261328 0.6995000243186951 20
1731083662905 0.7067499756813049 21
1731084062550 0.7037500143051147 22
1731084462352 0.7174166440963745 23
1731084860161 0.718583345413208 24
1731085258100 0.7291666865348816 25
1731085656731 0.7384999990463257 26
1731086056344 0.7421666383743286 27
1731086455691 0.7439166903495789 28
1731086855573 0.7495833039283752 29
1731087253750 0.7546666860580444 30
1731087651086 0.7561666369438171 31
1731088048446 0.7690833210945129 32
1731088446268 0.7669166922569275 33
1731088843360 0.7690833210945129 34
1731089241303 0.7705833315849304 35
1731089638739 0.7768333554267883 36
1731090036798 0.7792500257492065 37
1731090433844 0.7816666960716248 38
1731090831317 0.7850000262260437 39
1731091228687 0.7816666960716248 40
1731091626645 0.7890833616256714 41
1731092024597 0.7894999980926514 42
1731092425061 0.7877500057220459 43
1731092827383 0.7921666502952576 44
1731093228348 0.7901666760444641 45
1731093626271 0.7890833616256714 46
1731094024815 0.7883333563804626 47
1731094423079 0.8020833134651184 48
1731094821330 0.8004999756813049 49
1731095219084 0.8002499938011169 50
1731095616759 0.7989166378974915 51
1731096014155 0.8057500123977661 52
1731096414275 0.8020833134651184 53
1731096813477 0.8058333396911621 54
1731097212048 0.8096666932106018 55
1731097610004 0.8090000152587891 56
1731098008256 0.8078333139419556 57
1731098406236 0.8115000128746033 58
1731098804054 0.8119166493415833 59
1731099201955 0.8120833039283752 60
1731099600368 0.8187500238418579 61
1731099998362 0.8178333044052124 62
1731100396212 0.8174999952316284 63
1731100793966 0.812250018119812 64
1731101192143 0.8184166550636292 65
1731101590369 0.8131666779518127 66
1731101988032 0.825083315372467 67
1731102386306 0.8230833411216736 68
1731102784317 0.8150833249092102 69
1731103181934 0.8273333311080933 70
1731103580466 0.8245833516120911 71
1731103979506 0.8199999928474426 72
1731104377498 0.8233333230018616 73
1731104775543 0.8208333253860474 74
1731105173139 0.8261666893959045 75
1731105570935 0.8315833210945129 76
1731105968998 0.8270000219345093 77
1731106366833 0.8234999775886536 78
1731106764627 0.8275833129882812 79
1731107162700 0.8299999833106995 80
1731107562264 0.8320833444595337 81
1731107958861 0.8345833420753479 82
1731108355491 0.8302500247955322 83
1731108752122 0.8402500152587891 84
1731109148581 0.8318333625793457 85
1731109545069 0.8401666879653931 86
1731109941665 0.840499997138977 87
1731110340817 0.8372499942779541 88
1731110739590 0.8340833187103271 89
1731111137440 0.8340833187103271 90
1731111535401 0.8387500047683716 91
1731111932775 0.8379166722297668 92
1731112330252 0.8390833139419556 93
1731112727732 0.8354166746139526 94
1731113124985 0.840583324432373 95
1731113522609 0.8389166593551636 96
1731113920238 0.8399999737739563 97
1731114317525 0.8426666855812073 98
1731114715198 0.8373333215713501 99
1731115113171 0.8402500152587891 100
1731115510821 0.8412500023841858 101
1731115907965 0.8415833115577698 102
1731116305579 0.8447499871253967 103
1731116703317 0.8433333039283752 104
1731117100371 0.8420833349227905 105
1731117497931 0.840666651725769 106
1731117895921 0.8477500081062317 107
1731118293096 0.8431666493415833 108
1731118690654 0.8424999713897705 109
1731119087986 0.8378333449363708 110
1731119485463 0.846916675567627 111
1731119883293 0.8500833511352539 112
1731120280751 0.8529166579246521 113
1731120677972 0.8495000004768372 114
1731121075262 0.8463333249092102 115
1731121472922 0.8478333353996277 116
1731121870645 0.8486666679382324 117
1731122268006 0.8488333225250244 118
1731122665255 0.8525833487510681 119
1731123063041 0.8473333120346069 120
1731123460803 0.8558333516120911 121
1731123858228 0.8497499823570251 122
1731124255793 0.8460833430290222 123
1731124653302 0.8496666550636292 124
1731125050542 0.8503333330154419 125
1731125448306 0.8432499766349792 126
1731125845951 0.8537499904632568 127
1731126243304 0.8503333330154419 128
1731126640614 0.8506666421890259 129
1731127038131 0.8535833358764648 130
1731127435812 0.8557500243186951 131
1731127833244 0.8450000286102295 132
1731128230549 0.8572499752044678 133
1731128628327 0.8549166917800903 134
1731129025629 0.8539999723434448 135
1731129423188 0.8525000214576721 136
1731129820468 0.8533333539962769 137
1731130217897 0.8546666502952576 138
1731130614709 0.8529166579246521 139
1731131012771 0.8519166707992554 140
1731131410160 0.8551666736602783 141
1731131806991 0.8528333306312561 142
1731132204415 0.8545833230018616 143
1731132603506 0.8600000143051147 144
1731133004610 0.862666666507721 145
1731133405856 0.8529999852180481 146
1731133806840 0.8494166731834412 147
1731134208040 0.8609166741371155 148
1731134608880 0.8532500267028809 149
1731135010735 0.856416642665863 150
1731135411732 0.8579166531562805 151
1731135813017 0.8544999957084656 152
1731136214220 0.8579999804496765 153
1731136615335 0.8544166684150696 154
1731137016709 0.85916668176651 155
1731137417836 0.862416684627533 156
1731137818761 0.862333357334137 157
1731138219498 0.8364166617393494 158
1731138620211 0.8580833077430725 159
1731139021740 0.8620833158493042 160
1731139419092 0.8665000200271606 161
1731139815462 0.859250009059906 162
1731140211872 0.8565833568572998 163
1731140608610 0.8679999709129333 164
1731141005055 0.8665000200271606 165
1731141401480 0.8659166693687439 166
1731141799457 0.8663333058357239 167
1731142197558 0.8637499809265137 168
1731142595556 0.8553333282470703 169
1731142993299 0.8621666431427002 170
1731143390310 0.8575000166893005 171
1731143787778 0.8629166483879089 172
1731144185203 0.8532500267028809 173
1731144582118 0.8644166588783264 174
1731144979174 0.8656666874885559 175
1731145376372 0.8675833344459534 176
1731145774005 0.8605833053588867 177
1731146171252 0.8613333106040955 178
1731146568489 0.862416684627533 179
1731146965892 0.8638333082199097 180
1731147363325 0.8664166927337646 181
1731147760306 0.862333357334137 182
1731148157307 0.856249988079071 183
1731148554132 0.8629999756813049 184
1731148950917 0.8683333396911621 185
1731149348472 0.8614166378974915 186
1731149745274 0.8670833110809326 187
1731150142993 0.859000027179718 188
1731150539792 0.8660833239555359 189
1731150936820 0.8633333444595337 190
1731151333734 0.8698333501815796 191
1731151730937 0.8707500100135803 192
1731152128334 0.8674166798591614 193
1731152525046 0.8676666617393494 194
1731152922214 0.8684166669845581 195
1731153319174 0.8634999990463257 196
1731153716254 0.8604999780654907 197
1731154113654 0.8703333139419556 198
1731154510539 0.8676666617393494 199
1731154907953 0.8659999966621399 200
1731155305065 0.8669999837875366 201
1731155702373 0.8667500019073486 202
1731156099422 0.8612499833106995 203
1731156496402 0.8613333106040955 204
1731156893728 0.8709999918937683 205
1731157291132 0.8635833263397217 206
1731157688894 0.8702499866485596 207
1731158085228 0.8679166436195374 208
1731158481410 0.8741666674613953 209
1731158879063 0.8669166564941406 210
1731159277696 0.8657500147819519 211
1731159677300 0.8708333373069763 212
1731160074813 0.8713333606719971 213
1731160471521 0.8699166774749756 214
1731160868072 0.8675000071525574 215
1731161264885 0.8734166622161865 216
1731161661458 0.8657500147819519 217
1731162058112 0.8690833449363708 218
1731162455005 0.8699166774749756 219
1731162851809 0.875166654586792 220
1731163248736 0.8739166855812073 221
1731163645360 0.8701666593551636 222
1731164044304 0.8727499842643738 223
1731164442759 0.8608333468437195 224
1731164841158 0.8733333349227905 225
1731165239249 0.8687499761581421 226
1731165636987 0.8696666955947876 227
1731166034271 0.8708333373069763 228
1731166432400 0.8684999942779541 229
1731166829765 0.8660833239555359 230
1731167227662 0.8756666779518127 231
1731167625562 0.8729166388511658 232
1731168023992 0.8734999895095825 233
1731168421826 0.8765833377838135 234
1731168820181 0.8688333630561829 235
1731169218151 0.8675000071525574 236
1731169616260 0.8714166879653931 237
1731170014614 0.8737499713897705 238
1731170412354 0.8740000128746033 239
1731170810846 0.8691666722297668 240
1731171209128 0.8777499794960022 241
1731171607905 0.8772500157356262 242
1731172006752 0.8684999942779541 243
1731172405690 0.8729166388511658 244
1731172804950 0.8669999837875366 245
1731173205149 0.8743333220481873 246
1731173604960 0.8732500076293945 247
1731174003163 0.8743333220481873 248
1731174401500 0.8732500076293945 249
1731174800036 0.8731666803359985 250
1731175198038 0.8684999942779541 251
1731175596943 0.8709999918937683 252
1731175995668 0.8695833086967468 253
1731176393809 0.878000020980835 254
1731176792066 0.8816666603088379 255
1731177191344 0.8731666803359985 256
1731177589444 0.872083306312561 257
1731177987985 0.8765833377838135 258
1731178386599 0.8767499923706055 259
1731178785132 0.8707500100135803 260
1731179183721 0.8733333349227905 261
1731179582699 0.8694166541099548 262
1731179981299 0.8755000233650208 263
1731180379544 0.8731666803359985 264
1731180778091 0.875333309173584 265
1731181176454 0.8754166960716248 266
1731181575664 0.8724166750907898 267
1731181974708 0.8696666955947876 268
1731182373215 0.8739166855812073 269
1731182771438 0.871833324432373 270
1731183169901 0.8744999766349792 271
1731183569454 0.8744166493415833 272
1731183968013 0.8754166960716248 273
1731184366761 0.8792499899864197 274
1731184765569 0.8768333196640015 275
1731185163800 0.8722500205039978 276
1731185562192 0.8735833168029785 277
1731185961334 0.8687499761581421 278
1731186360559 0.8683333396911621 279
1731186758729 0.8794999718666077 280
1731187157447 0.8777499794960022 281
1731187555890 0.8787500262260437 282
1731187954540 0.877916693687439 283
1731188354264 0.874833345413208 284
1731188752539 0.8774999976158142 285
1731189151052 0.8827499747276306 286
1731189549990 0.8845833539962769 287
1731189948834 0.8767499923706055 288
1731190347700 0.8708333373069763 289
1731190746647 0.8823333382606506 290
1731191144980 0.8789166808128357 291
1731191543772 0.8738333582878113 292
1731191943315 0.8756666779518127 293
1731192340174 0.874916672706604 294
1731192737334 0.8759166598320007 295
1731193134709 0.8759166598320007 296
1731193532368 0.8758333325386047 297
1731193930020 0.8679999709129333 298
1731194327658 0.8836666941642761 299
1731194727699 0.8745833039283752 300
1731195128253 0.8824999928474426 301
1731195526654 0.8769166469573975 302
1731195925413 0.8702499866485596 303
1731196323611 0.8815833330154419 304
1731196721551 0.8696666955947876 305
1731197119920 0.8774999976158142 306
1731197518358 0.8870833516120911 307
1731197917054 0.8817499876022339 308
1731198315640 0.878250002861023 309
1731198713223 0.8786666393280029 310
1731199111803 0.8760833144187927 311
1731199509634 0.875083327293396 312
1731199907464 0.8776666522026062 313
1731200305876 0.8731666803359985 314
1731200704104 0.8724166750907898 315
1731201102148 0.8757500052452087 316
1731201499852 0.8842499852180481 317
1731201898227 0.8859999775886536 318
1731202296599 0.8759999871253967 319
1731202694251 0.8741666674613953 320
1731203091902 0.8796666860580444 321
1731203490368 0.875 322
1731203890762 0.8765000104904175 323
1731204291911 0.8795833587646484 324
1731204692052 0.8801666498184204 325
1731205092841 0.8758333325386047 326
1731205494267 0.8828333616256714 327
1731205894962 0.8889999985694885 328
1731206295243 0.8856666684150696 329
1731206696335 0.8813333511352539 330
1731207097218 0.8730000257492065 331
1731207497520 0.8827499747276306 332
1731207897899 0.8810833096504211 333
1731208298569 0.8869166374206543 334
1731208699160 0.8795833587646484 335
1731209100381 0.8795833587646484 336
1731209501129 0.8822500109672546 337
1731209902278 0.8855833411216736 338
1731210302733 0.8776666522026062 339
1731210703545 0.8817499876022339 340
1731211104600 0.8844166398048401 341
1731211505293 0.8757500052452087 342
1731211905983 0.8865833282470703 343
1731212306578 0.8759999871253967 344
1731212707621 0.8765833377838135 345
1731213108442 0.8829166889190674 346
1731213508895 0.8800833225250244 347
1731213909901 0.887333333492279 348
1731214311154 0.8827499747276306 349
1731214711887 0.8761666417121887 350
1731215112475 0.8845000267028809 351
1731215513622 0.8865000009536743 352
1731215914710 0.8833333253860474 353
1731216315332 0.8863333463668823 354
1731216715292 0.8810833096504211 355
1731217117054 0.8884999752044678 356
1731217517557 0.8836666941642761 357
1731217918241 0.8882499933242798 358
1731218318432 0.8794166445732117 359
1731218719199 0.878166675567627 360
1731219119531 0.8822500109672546 361
1731219517848 0.8868333101272583 362
1731219916292 0.8856666684150696 363
1731220313950 0.8833333253860474 364
1731220712294 0.8825833201408386 365
1731221110422 0.8804166913032532 366
1731221508298 0.8794999718666077 367
1731221906042 0.8844166398048401 368
1731222304434 0.8811666369438171 369
1731222702363 0.890749990940094 370
1731223100766 0.8787500262260437 371
1731223499774 0.8890833258628845 372
1731223897577 0.8822500109672546 373
1731224295483 0.8824999928474426 374
1731224694185 0.8809999823570251 375
1731225092269 0.8838333487510681 376
1731225490378 0.8867499828338623 377
1731225888330 0.8865000009536743 378
1731226285862 0.8865833282470703 379
1731226683864 0.8897500038146973 380
1731227081874 0.8803333044052124 381
1731227479387 0.8825833201408386 382
1731227877571 0.8754166960716248 383
1731228275548 0.8838333487510681 384
1731228673379 0.8843333125114441 385
1731229071252 0.8826666474342346 386
1731229469150 0.8834166526794434 387
1731229867328 0.8897500038146973 388
1731230265235 0.8844166398048401 389
1731230662764 0.8920000195503235 390
1731231060883 0.8942499756813049 391
1731231459008 0.8813333511352539 392
1731231857047 0.8827499747276306 393
1731232255250 0.890250027179718 394
1731232653028 0.8830833435058594 395
1731233050893 0.8886666893959045 396
1731233448777 0.8892499804496765 397
1731233846640 0.8796666860580444 398
1731234244686 0.8813333511352539 399
1731234280471 0.8424999713897705 0
