1731075304126 0.953007161617279 0
1731075701889 0.9111146926879883 1
1731076099383 0.8856755495071411 2
1731076498592 0.8629705309867859 3
1731076894870 0.8377019166946411 4
1731077290776 0.8187761902809143 5
1731077687240 0.805129885673523 6
1731078083932 0.7935414910316467 7
1731078483886 0.7738382816314697 8
1731078882276 0.762487530708313 9
1731079281018 0.7464873194694519 10
1731079678687 0.7319609522819519 11
1731080075733 0.722520112991333 12
1731080473566 0.7082025408744812 13
1731080871469 0.7012453675270081 14
1731081269066 0.6907326579093933 15
1731081666736 0.6753053069114685 16
1731082065049 0.6640169024467468 17
1731082462875 0.6540725231170654 18
1731082861845 0.6430286169052124 19
1731083261328 0.6282356977462769 20
1731083662905 0.6248153448104858 21
1731084062550 0.6118422150611877 22
1731084462352 0.6014018654823303 23
1731084860161 0.5958861708641052 24
1731085258100 0.5849705934524536 25
1731085656731 0.5715927481651306 26
1731086056344 0.565584659576416 27
1731086455691 0.557842493057251 28
1731086855573 0.5510575175285339 29
1731087253750 0.5443572402000427 30
1731087651086 0.532770037651062 31
1731088048446 0.5275428295135498 32
1731088446268 0.5253764986991882 33
1731088843360 0.5211613774299622 34
1731089241303 0.5122958421707153 35
1731089638739 0.5073533654212952 36
1731090036798 0.49773967266082764 37
1731090433844 0.496995210647583 38
1731090831317 0.4898534417152405 39
1731091228687 0.4981869161128998 40
1731091626645 0.4902341365814209 41
1731092024597 0.48714756965637207 42
1731092425061 0.48389241099357605 43
1731092827383 0.4785631597042084 44
1731093228348 0.49148571491241455 45
1731093626271 0.4846600890159607 46
1731094024815 0.48546212911605835 47
1731094423079 0.47292858362197876 48
1731094821330 0.46697866916656494 49
1731095219084 0.4763955771923065 50
1731095616759 0.472189724445343 51
1731096014155 0.4652412235736847 52
1731096414275 0.47617724537849426 53
1731096813477 0.46219515800476074 54
1731097212048 0.46104082465171814 55
1731097610004 0.4598493278026581 56
1731098008256 0.45710885524749756 57
1731098406236 0.46142107248306274 58
1731098804054 0.4535714387893677 59
1731099201955 0.45684078335762024 60
1731099600368 0.4455723166465759 61
1731099998362 0.447713166475296 62
1731100396212 0.45082056522369385 63
1731100793966 0.4576544463634491 64
1731101192143 0.4482863247394562 65
1731101590369 0.4556529223918915 66
1731101988032 0.4380335211753845 67
1731102386306 0.4463326036930084 68
1731102784317 0.4552733600139618 69
1731103181934 0.43177661299705505 70
1731103580466 0.44304159283638 71
1731103979506 0.44609683752059937 72
1731104377498 0.4408740699291229 73
1731104775543 0.4363343119621277 74
1731105173139 0.4455052614212036 75
1731105570935 0.4281955063343048 76
1731105968998 0.44346320629119873 77
1731106366833 0.4430447220802307 78
1731106764627 0.4450409412384033 79
1731107162700 0.4370620846748352 80
1731107562264 0.43370160460472107 81
1731107958861 0.4358042776584625 82
1731108355491 0.4389708936214447 83
1731108752122 0.42542362213134766 84
1731109148581 0.434660404920578 85
1731109545069 0.4243085980415344 86
1731109941665 0.42461270093917847 87
1731110340817 0.42820385098457336 88
1731110739590 0.4368787407875061 89
1731111137440 0.44185131788253784 90
1731111535401 0.42695552110671997 91
1731111932775 0.4267938733100891 92
1731112330252 0.42685815691947937 93
1731112727732 0.43014734983444214 94
1731113124985 0.42875826358795166 95
1731113522609 0.4232885241508484 96
1731113920238 0.4239408075809479 97
1731114317525 0.4216535687446594 98
1731114715198 0.43049776554107666 99
1731115113171 0.4298252463340759 100
1731115510821 0.42854663729667664 101
1731115907965 0.4348238408565521 102
1731116305579 0.42688697576522827 103
1731116703317 0.4231020212173462 104
1731117100371 0.42819514870643616 105
1731117497931 0.42601636052131653 106
1731117895921 0.41948023438453674 107
1731118293096 0.42747342586517334 108
1731118690654 0.41855350136756897 109
1731119087986 0.4323919713497162 110
1731119485463 0.4260867238044739 111
1731119883293 0.4198313057422638 112
1731120280751 0.41095635294914246 113
1731120677972 0.4215589165687561 114
1731121075262 0.4193590581417084 115
1731121472922 0.4200817942619324 116
1731121870645 0.42182958126068115 117
1731122268006 0.4197132885456085 118
1731122665255 0.4172526001930237 119
1731123063041 0.4309750199317932 120
1731123460803 0.4170536398887634 121
1731123858228 0.41987162828445435 122
1731124255793 0.42310774326324463 123
1731124653302 0.41739335656166077 124
1731125050542 0.4187786877155304 125
1731125448306 0.43339991569519043 126
1731125845951 0.4148516058921814 127
1731126243304 0.41839534044265747 128
1731126640614 0.4194870591163635 129
1731127038131 0.4099409580230713 130
1731127435812 0.40736860036849976 131
1731127833244 0.43138182163238525 132
1731128230549 0.40802428126335144 133
1731128628327 0.4213261008262634 134
1731129025629 0.4163421094417572 135
1731129423188 0.4201330244541168 136
1731129820468 0.41060176491737366 137
1731130217897 0.40627363324165344 138
1731130614709 0.4134180545806885 139
1731131012771 0.4169093072414398 140
1731131410160 0.410286009311676 141
1731131806991 0.420108437538147 142
1731132204415 0.4143587648868561 143
1731132603506 0.41072720289230347 144
1731133004610 0.40052446722984314 145
1731133405856 0.41447025537490845 146
1731133806840 0.4259345829486847 147
1731134208040 0.4051752984523773 148
1731134608880 0.4140532910823822 149
1731135010735 0.4142211973667145 150
1731135411732 0.4077645540237427 151
1731135813017 0.41438180208206177 152
1731136214220 0.41638606786727905 153
1731136615335 0.4181348383426666 154
1731137016709 0.4120458960533142 155
1731137417836 0.4013306498527527 156
1731137818761 0.40540775656700134 157
1731138219498 0.4449021816253662 158
1731138620211 0.4166991710662842 159
1731139021740 0.4063146114349365 160
1731139419092 0.39774787425994873 161
1731139815462 0.4145917594432831 162
1731140211872 0.4140438735485077 163
1731140608610 0.39267534017562866 164
1731141005055 0.4012923240661621 165
1731141401480 0.3962155282497406 166
1731141799457 0.40458130836486816 167
1731142197558 0.3987467586994171 168
1731142595556 0.40984371304512024 169
1731142993299 0.4120745360851288 170
1731143390310 0.4078388214111328 171
1731143787778 0.40303778648376465 172
1731144185203 0.42873942852020264 173
1731144582118 0.4059746563434601 174
1731144979174 0.4059629440307617 175
1731145376372 0.40112951397895813 176
1731145774005 0.4103945195674896 177
1731146171252 0.4104630649089813 178
1731146568489 0.40866589546203613 179
1731146965892 0.41070258617401123 180
1731147363325 0.3954443633556366 181
1731147760306 0.4052366614341736 182
1731148157307 0.42286571860313416 183
1731148554132 0.3967638611793518 184
1731148950917 0.3990616798400879 185
1731149348472 0.4097840487957001 186
1731149745274 0.4109590947628021 187
1731150142993 0.4094594717025757 188
1731150539792 0.4121185839176178 189
1731150936820 0.4098551869392395 190
1731151333734 0.3964715600013733 191
1731151730937 0.3976396918296814 192
1731152128334 0.39937761425971985 193
1731152525046 0.40174978971481323 194
1731152922214 0.39781269431114197 195
1731153319174 0.4094502031803131 196
1731153716254 0.415452241897583 197
1731154113654 0.3986937701702118 198
1731154510539 0.39730018377304077 199
1731154907953 0.4067254960536957 200
1731155305065 0.40048539638519287 201
1731155702373 0.40356385707855225 202
1731156099422 0.41046395897865295 203
1731156496402 0.4165983498096466 204
1731156893728 0.39478203654289246 205
1731157291132 0.40905728936195374 206
1731157688894 0.3948172628879547 207
1731158085228 0.3991446793079376 208
1731158481410 0.39700016379356384 209
1731158879063 0.39809274673461914 210
1731159277696 0.404030978679657 211
1731159677300 0.3978411853313446 212
1731160074813 0.39681005477905273 213
1731160471521 0.4014156758785248 214
1731160868072 0.4074878692626953 215
1731161264885 0.3917343020439148 216
1731161661458 0.39925825595855713 217
1731162058112 0.40411362051963806 218
1731162455005 0.4087395966053009 219
1731162851809 0.3909260630607605 220
1731163248736 0.39295390248298645 221
1731163645360 0.3972974717617035 222
1731164044304 0.3925100564956665 223
1731164442759 0.41357481479644775 224
1731164841158 0.39616796374320984 225
1731165239249 0.3976748585700989 226
1731165636987 0.4100152254104614 227
1731166034271 0.3938893973827362 228
1731166432400 0.39907771348953247 229
1731166829765 0.40591999888420105 230
1731167227662 0.3948458135128021 231
1731167625562 0.3999173641204834 232
1731168023992 0.39474040269851685 233
1731168421826 0.3883098065853119 234
1731168820181 0.39963990449905396 235
1731169218151 0.40766453742980957 236
1731169616260 0.39734163880348206 237
1731170014614 0.39073771238327026 238
1731170412354 0.39234960079193115 239
1731170810846 0.40392595529556274 240
1731171209128 0.3836970329284668 241
1731171607905 0.387457937002182 242
1731172006752 0.4081597924232483 243
1731172405690 0.40294361114501953 244
1731172804950 0.40347063541412354 245
1731173205149 0.395099401473999 246
1731173604960 0.3863238990306854 247
1731174003163 0.3937261998653412 248
1731174401500 0.3980412185192108 249
1731174800036 0.3983969986438751 250
1731175198038 0.40235844254493713 251
1731175596943 0.39760252833366394 252
1731175995668 0.3992154598236084 253
1731176393809 0.3932610750198364 254
1731176792066 0.3770088851451874 255
1731177191344 0.39595136046409607 256
1731177589444 0.39990130066871643 257
1731177987985 0.3906676173210144 258
1731178386599 0.3911392092704773 259
1731178785132 0.3941833972930908 260
1731179183721 0.3907659947872162 261
1731179582699 0.40597447752952576 262
1731179981299 0.3875696659088135 263
1731180379544 0.4043703079223633 264
1731180778091 0.3988659381866455 265
1731181176454 0.3887665271759033 266
1731181575664 0.391620934009552 267
1731181974708 0.3959696590900421 268
1731182373215 0.3932497203350067 269
1731182771438 0.3999366760253906 270
1731183169901 0.3946017622947693 271
1731183569454 0.39320507645606995 272
1731183968013 0.3939862549304962 273
1731184366761 0.38582906126976013 274
1731184765569 0.3932957053184509 275
1731185163800 0.3973512351512909 276
1731185562192 0.39904558658599854 277
1731185961334 0.4002964198589325 278
1731186360559 0.4162103533744812 279
1731186758729 0.38087454438209534 280
1731187157447 0.3842054307460785 281
1731187555890 0.3928489089012146 282
1731187954540 0.3856918513774872 283
1731188354264 0.3954809904098511 284
1731188752539 0.3968413472175598 285
1731189151052 0.38015010952949524 286
1731189549990 0.3757351040840149 287
1731189948834 0.3901177644729614 288
1731190347700 0.40425044298171997 289
1731190746647 0.3832792639732361 290
1731191144980 0.385893851518631 291
1731191543772 0.3948774039745331 292
1731191943315 0.39282628893852234 293
1731192340174 0.3911830186843872 294
1731192737334 0.394959032535553 295
1731193134709 0.402716726064682 296
1731193532368 0.39393559098243713 297
1731193930020 0.4094327390193939 298
1731194327658 0.37674063444137573 299
1731194727699 0.39750033617019653 300
1731195128253 0.3777675926685333 301
1731195526654 0.39419296383857727 302
1731195925413 0.4012089967727661 303
1731196323611 0.38180020451545715 304
1731196721551 0.410207062959671 305
1731197119920 0.3928608298301697 306
1731197518358 0.37271687388420105 307
1731197917054 0.38628458976745605 308
1731198315640 0.39672258496284485 309
1731198713223 0.3901044428348541 310
1731199111803 0.3949943482875824 311
1731199509634 0.39765608310699463 312
1731199907464 0.3843035101890564 313
1731200305876 0.40610697865486145 314
1731200704104 0.4018608033657074 315
1731201102148 0.3910635709762573 316
1731201499852 0.37896841764450073 317
1731201898227 0.380048006772995 318
1731202296599 0.4004790186882019 319
1731202694251 0.4005616307258606 320
1731203091902 0.3833508789539337 321
1731203490368 0.39941251277923584 322
1731203890762 0.4021938145160675 323
1731204291911 0.3908518850803375 324
1731204692052 0.3926739990711212 325
1731205092841 0.3936144709587097 326
1731205494267 0.38727933168411255 327
1731205894962 0.3737141191959381 328
1731206295243 0.37762686610221863 329
1731206696335 0.3882567584514618 330
1731207097218 0.40765002369880676 331
1731207497520 0.38222333788871765 332
1731207897899 0.38710838556289673 333
1731208298569 0.3793066740036011 334
1731208699160 0.3933475613594055 335
1731209100381 0.38769277930259705 336
1731209501129 0.3929201662540436 337
1731209902278 0.3764818608760834 338
1731210302733 0.3936997950077057 339
1731210703545 0.386799156665802 340
1731211104600 0.3849400281906128 341
1731211505293 0.3988445997238159 342
1731211905983 0.3771228790283203 343
1731212306578 0.39061474800109863 344
1731212707621 0.400816947221756 345
1731213108442 0.38451728224754333 346
1731213508895 0.38526585698127747 347
1731213909901 0.3769761621952057 348
1731214311154 0.38133227825164795 349
1731214711887 0.3975217640399933 350
1731215112475 0.3743480145931244 351
1731215513622 0.37442898750305176 352
1731215914710 0.39471960067749023 353
1731216315332 0.3836398422718048 354
1731216715292 0.391872763633728 355
1731217117054 0.37958601117134094 356
1731217517557 0.37615981698036194 357
1731217918241 0.3749702572822571 358
1731218318432 0.3908126652240753 359
1731218719199 0.39152681827545166 360
1731219119531 0.38315722346305847 361
1731219517848 0.37671932578086853 362
1731219916292 0.3738081157207489 363
1731220313950 0.3845468759536743 364
1731220712294 0.3838616609573364 365
1731221110422 0.38684380054473877 366
1731221508298 0.39512601494789124 367
1731221906042 0.3848336637020111 368
1731222304434 0.37919262051582336 369
1731222702363 0.36526185274124146 370
1731223100766 0.3926372528076172 371
1731223499774 0.3698817491531372 372
1731223897577 0.38373827934265137 373
1731224295483 0.3767167031764984 374
1731224694185 0.38424116373062134 375
1731225092269 0.3868456482887268 376
1731225490378 0.3776223659515381 377
1731225888330 0.37687796354293823 378
1731226285862 0.3846818506717682 379
1731226683864 0.37079113721847534 380
1731227081874 0.3956117033958435 381
1731227479387 0.3877629339694977 382
1731227877571 0.3985432982444763 383
1731228275548 0.38345563411712646 384
1731228673379 0.38556188344955444 385
1731229071252 0.39075300097465515 386
1731229469150 0.38861116766929626 387
1731229867328 0.3768291473388672 388
1731230265235 0.3829115927219391 389
1731230662764 0.3699711561203003 390
1731231060883 0.3673214912414551 391
1731231459008 0.3904607892036438 392
1731231857047 0.3863873779773712 393
1731232255250 0.3712005317211151 394
1731232653028 0.3875280022621155 395
1731233050893 0.37100744247436523 396
1731233448777 0.37367257475852966 397
1731233846640 0.38840100169181824 398
1731234244686 0.3847324550151825 399
1731234280471 0.44635409116744995 0
