1731616145717 0.5027499794960022 0
1731616547354 0.49816668033599854 1
1731616949934 0.5041249990463257 2
1731617352977 0.5023750066757202 3
1731617756572 0.5055000185966492 4
1731618157312 0.5048750042915344 5
1731618558549 0.5088750123977661 6
1731618961377 0.5257916450500488 7
1731619367511 0.5359583497047424 8
1731619773565 0.559583306312561 9
1731620175164 0.5619166493415833 10
1731620576868 0.5805833339691162 11
1731620978136 0.593999981880188 12
1731621378848 0.6002083420753479 13
1731621780001 0.612708330154419 14
1731622181051 0.622041642665863 15
1731622582146 0.6326249837875366 16
1731622984744 0.6336249709129333 17
1731623387380 0.6345000267028809 18
1731623792239 0.6452500224113464 19
1731624195205 0.6470833420753479 20
1731624598135 0.6464166641235352 21
1731625000230 0.6482499837875366 22
1731625405779 0.6504583358764648 23
1731625806233 0.6612083315849304 24
1731626205998 0.6497499942779541 25
1731626606492 0.6657916903495789 26
1731627008124 0.6642083525657654 27
1731627408241 0.668958306312561 28
1731627808715 0.6732500195503235 29
1731628208292 0.671625018119812 30
1731628607850 0.6806250214576721 31
1731629007383 0.6853749752044678 32
1731629407534 0.6882083415985107 33
1731629808698 0.6850416660308838 34
1731630209686 0.6986666917800903 35
1731630611319 0.7037083506584167 36
1731631012441 0.7102500200271606 37
1731631413395 0.7211250066757202 38
1731631814609 0.7236250042915344 39
1731632215546 0.7246666550636292 40
1731632616470 0.7449583411216736 41
1731633017141 0.7453749775886536 42
1731633417877 0.7494583129882812 43
1731633818269 0.750333309173584 44
1731634218903 0.7574583292007446 45
1731634619548 0.7675416469573975 46
1731635020533 0.7689999938011169 47
1731635421234 0.7729583382606506 48
1731635821976 0.7735416889190674 49
1731636223012 0.777958333492279 50
1731636623607 0.7808333039283752 51
1731637024498 0.7832499742507935 52
1731637425699 0.7908750176429749 53
1731637826459 0.784458339214325 54
1731638227322 0.7869583368301392 55
1731638627964 0.7928749918937683 56
1731639028475 0.7918750047683716 57
1731639429066 0.8023750185966492 58
1731639829593 0.797166645526886 59
1731640229927 0.8032083511352539 60
1731640630326 0.8021666407585144 61
1731641030649 0.8070833086967468 62
1731641431322 0.8100416660308838 63
1731641831942 0.8108749985694885 64
1731642232645 0.8090000152587891 65
1731642633223 0.8137500286102295 66
1731643034032 0.8108333349227905 67
1731643434760 0.815583348274231 68
1731643835427 0.8174166679382324 69
1731644237717 0.8145416378974915 70
1731644640526 0.8165833353996277 71
1731645043067 0.8235833048820496 72
1731645444024 0.8187500238418579 73
1731645843256 0.8214166760444641 74
1731646242403 0.8217916488647461 75
1731646643173 0.8255416750907898 76
1731647043233 0.8333749771118164 77
1731647443390 0.8245000243186951 78
1731647843684 0.82833331823349 79
1731648244034 0.8256666660308838 80
1731648644544 0.8299583196640015 81
1731649045180 0.8309583067893982 82
1731649445728 0.8269583582878113 83
1731649845995 0.8309583067893982 84
1731650246795 0.8345416784286499 85
1731650647238 0.8340833187103271 86
1731651048437 0.8326666951179504 87
1731651449295 0.8370416760444641 88
1731651849955 0.8389166593551636 89
1731652250647 0.8339583277702332 90
1731652651828 0.8430833220481873 91
1731653052411 0.84395831823349 92
1731653453182 0.8422083258628845 93
1731653853972 0.8402916789054871 94
1731654255332 0.84354168176651 95
1731654655964 0.8374583125114441 96
1731655056620 0.8455833196640015 97
1731655457213 0.8447499871253967 98
1731655857762 0.8460416793823242 99
1731656258285 0.84354168176651 100
1731656658874 0.8483750224113464 101
1731657059664 0.8497916460037231 102
1731657460197 0.8449166417121887 103
1731657861133 0.8454583287239075 104
1731658261647 0.8385416865348816 105
1731658662470 0.8459583520889282 106
1731659063075 0.8530833125114441 107
1731659463723 0.8517083525657654 108
1731659864417 0.8504583239555359 109
1731660264953 0.8514583110809326 110
1731660665573 0.8477500081062317 111
1731661066125 0.8501250147819519 112
1731661466637 0.8508333563804626 113
1731661867173 0.8535416722297668 114
1731662267715 0.8544583320617676 115
1731662668443 0.8524166941642761 116
1731663069002 0.8508333563804626 117
1731663469630 0.8569583296775818 118
1731663870205 0.8519166707992554 119
1731664270800 0.8604583144187927 120
1731664671351 0.8548750281333923 121
1731665071864 0.8482083082199097 122
1731665472774 0.8526250123977661 123
1731665873398 0.8558750152587891 124
1731666273921 0.8526666760444641 125
1731666674386 0.8572499752044678 126
1731667074863 0.859499990940094 127
1731667475400 0.8535416722297668 128
1731667875920 0.8553333282470703 129
1731668276466 0.8521666526794434 130
1731668676976 0.8582083582878113 131
1731669077454 0.8632916808128357 132
1731669477896 0.8607916831970215 133
1731669878314 0.8567500114440918 134
1731670278642 0.8643333315849304 135
1731670679050 0.8578749895095825 136
1731671079594 0.856083333492279 137
1731671480213 0.8630416393280029 138
1731671880697 0.8566666841506958 139
1731672281222 0.8611666560173035 140
1731672681934 0.8571666479110718 141
1731673082458 0.8612083196640015 142
1731673482951 0.8560000061988831 143
1731673883518 0.859041690826416 144
1731674284667 0.8604999780654907 145
1731674685105 0.8637499809265137 146
1731675087476 0.8667500019073486 147
1731675488409 0.8628333210945129 148
1731675887958 0.862625002861023 149
1731676287527 0.8640833497047424 150
1731676687164 0.8580416440963745 151
1731677086569 0.8654166460037231 152
1731677486703 0.8601250052452087 153
1731677888309 0.859541654586792 154
1731678291162 0.8639583587646484 155
1731678692707 0.8598750233650208 156
1731679093626 0.8715833425521851 157
1731679494529 0.8637916445732117 158
1731679897111 0.8653749823570251 159
1731680300522 0.8695833086967468 160
1731680703459 0.8672083616256714 161
1731681104562 0.8551250100135803 162
1731681506005 0.8690416812896729 163
1731681907530 0.8745833039283752 164
1731682309055 0.8669999837875366 165
1731682710907 0.871874988079071 166
1731683112314 0.8669583201408386 167
1731683513871 0.8700416684150696 168
1731683915612 0.8682083487510681 169
1731684317469 0.8676666617393494 170
1731684719451 0.8667500019073486 171
1731685121502 0.8716250061988831 172
1731685523510 0.8723750114440918 173
1731685925333 0.8739166855812073 174
1731686327231 0.8740833401679993 175
1731686729862 0.8700416684150696 176
1731687130810 0.8710416555404663 177
1731687530938 0.8729166388511658 178
1731687931958 0.8662499785423279 179
1731688333387 0.8687499761581421 180
1731688734691 0.8741250038146973 181
1731689136129 0.8771666884422302 182
1731689537478 0.8755000233650208 183
1731689938760 0.8761249780654907 184
1731690340101 0.8710833191871643 185
1731690742262 0.8712083101272583 186
1731691144315 0.8710833191871643 187
1731691547066 0.8710833191871643 188
1731691950831 0.8754583597183228 189
1731692352415 0.8730416893959045 190
1731692753761 0.8769166469573975 191
1731693155184 0.8729166388511658 192
1731693556383 0.8722500205039978 193
1731693957671 0.8768333196640015 194
1731694359194 0.871666669845581 195
1731694760800 0.8773333430290222 196
1731695162246 0.8740000128746033 197
1731695563695 0.8754166960716248 198
1731695965056 0.871916651725769 199
1731696366555 0.874666690826416 200
1731696768067 0.877916693687439 201
1731697169723 0.8789166808128357 202
1731697571506 0.8761249780654907 203
1731697973105 0.8783749938011169 204
1731698374841 0.8809583187103271 205
1731698776484 0.8730000257492065 206
1731699177998 0.8731250166893005 207
1731699579633 0.8805000185966492 208
1731699981214 0.8792499899864197 209
1731700382772 0.8813333511352539 210
1731700784556 0.8667500019073486 211
1731701186203 0.8777083158493042 212
1731701587820 0.878125011920929 213
1731701989484 0.8787083625793457 214
1731702391218 0.8697083592414856 215
1731702793048 0.8773750066757202 216
1731703194604 0.8734583258628845 217
1731703596093 0.8774583339691162 218
1731703997599 0.8766250014305115 219
1731704399004 0.8806250095367432 220
1731704802459 0.8817083239555359 221
1731705204199 0.8774999976158142 222
1731705604541 0.8800416588783264 223
1731706005262 0.8744166493415833 224
1731706406814 0.8687916398048401 225
1731706808346 0.8796666860580444 226
1731707209748 0.8699166774749756 227
1731707611239 0.8829166889190674 228
1731708012837 0.8755416870117188 229
1731708415130 0.8827499747276306 230
1731708819639 0.8833749890327454 231
1731709223914 0.8784999847412109 232
1731709624384 0.8740416765213013 233
1731710029963 0.8794583082199097 234
1731710432741 0.8790833353996277 235
1731710834199 0.8807916641235352 236
1731711237879 0.8793749809265137 237
1731711640471 0.8810416460037231 238
1731712040996 0.8847916722297668 239
1731712441699 0.8827916383743286 240
1731712842445 0.8829166889190674 241
1731713243071 0.8833333253860474 242
1731713643683 0.8847083449363708 243
1731714044286 0.8797500133514404 244
1731714445446 0.887541651725769 245
1731714846717 0.8786249756813049 246
1731715248015 0.8796666860580444 247
1731715649370 0.8816666603088379 248
1731716050764 0.8800833225250244 249
1731716452119 0.8840833306312561 250
1731716853456 0.8797916769981384 251
1731717254878 0.8830833435058594 252
1731717656165 0.8837500214576721 253
1731718057603 0.8812083601951599 254
1731718458974 0.8827083110809326 255
1731718860205 0.8821666836738586 256
1731719261526 0.8872500061988831 257
1731719662847 0.8860416412353516 258
1731720064134 0.8794999718666077 259
1731720465304 0.8819583058357239 260
1731720866565 0.8830833435058594 261
1731721267635 0.8856250047683716 262
1731721668789 0.8857499957084656 263
1731722069902 0.8766250014305115 264
1731722470960 0.8845833539962769 265
1731722872161 0.8835833072662354 266
1731723273204 0.8869166374206543 267
1731723674447 0.8837916851043701 268
1731724075757 0.8897083401679993 269
1731724476966 0.878208339214325 270
1731724878301 0.8827916383743286 271
1731725279482 0.8866249918937683 272
1731725680739 0.8866249918937683 273
1731726081929 0.8868749737739563 274
1731726483263 0.8853750228881836 275
1731726890506 0.8690416812896729 276
1731727293320 0.8864166736602783 277
1731727695131 0.874875009059906 278
1731728095859 0.8899583220481873 279
1731728499117 0.8857083320617676 280
1731728899548 0.8821666836738586 281
1731729298758 0.8858333230018616 282
1731729697636 0.8864583373069763 283
1731730096202 0.887416660785675 284
1731730494802 0.8840000033378601 285
1731730893634 0.890375018119812 286
1731731292166 0.8828333616256714 287
1731731690830 0.8911666870117188 288
1731732089428 0.8911666870117188 289
1731732487852 0.8855000138282776 290
1731732886367 0.8828750252723694 291
1731733284925 0.8852499723434448 292
1731733683337 0.8859166502952576 293
1731734081915 0.8806666731834412 294
1731734480489 0.8832083344459534 295
1731734879221 0.8841249942779541 296
1731735277885 0.8832916617393494 297
1731735676531 0.8867916464805603 298
1731736075179 0.8846666812896729 299
1731736473673 0.8868333101272583 300
1731736872192 0.8930416703224182 301
1731737270673 0.8811666369438171 302
1731737669160 0.887541651725769 303
1731738067788 0.8894166946411133 304
1731738466235 0.890791654586792 305
1731738864717 0.8911666870117188 306
1731739263210 0.8926666378974915 307
1731739661808 0.8860416412353516 308
1731740060305 0.887291669845581 309
1731740458858 0.8862083554267883 310
1731740857405 0.8924999833106995 311
1731741256068 0.8839583396911621 312
1731741654603 0.887666642665863 313
1731742053269 0.8872083425521851 314
1731742451625 0.8913750052452087 315
1731742850046 0.8840416669845581 316
1731743248505 0.893791675567627 317
1731743646992 0.8872083425521851 318
1731744045669 0.8923749923706055 319
1731744444139 0.8871666789054871 320
1731744842621 0.890874981880188 321
1731745241144 0.8918333053588867 322
1731745639527 0.8917499780654907 323
1731746038036 0.8849166631698608 324
1731746436359 0.8940833210945129 325
1731746834885 0.890749990940094 326
1731747233235 0.8888333439826965 327
1731747631776 0.8975833058357239 328
1731748030271 0.8957499861717224 329
1731748428674 0.890791654586792 330
1731748827104 0.89083331823349 331
1731749225497 0.8914999961853027 332
1731749624012 0.8969166874885559 333
1731750022599 0.8971250057220459 334
1731750421062 0.8885416388511658 335
1731750819604 0.8970833420753479 336
1731751218124 0.8923749923706055 337
1731751616654 0.8931666612625122 338
1731752015082 0.8915833234786987 339
1731752413622 0.893916666507721 340
1731752812307 0.8849999904632568 341
1731753210761 0.8888333439826965 342
1731753609174 0.890874981880188 343
1731754007623 0.893958330154419 344
1731754406060 0.8878750205039978 345
1731754804339 0.8971666693687439 346
1731755202721 0.8976666927337646 347
1731755601591 0.890666663646698 348
1731756000220 0.893833339214325 349
1731756398798 0.8992916941642761 350
1731756797430 0.8849583268165588 351
1731757196622 0.8955416679382324 352
1731757595094 0.8940833210945129 353
1731757993581 0.8973749876022339 354
1731758391986 0.8887083530426025 355
1731758790619 0.8900416493415833 356
1731759189171 0.890250027179718 357
1731759587585 0.890916645526886 358
1731759986138 0.8986666798591614 359
1731760384696 0.8953333497047424 360
1731760783329 0.8944166898727417 361
1731761181741 0.8928333520889282 362
1731761580177 0.8983333110809326 363
1731761978692 0.890625 364
1731762377195 0.8972499966621399 365
1731762775600 0.8912500143051147 366
1731763175101 0.8932916522026062 367
1731763574997 0.8969166874885559 368
1731763976188 0.8974583148956299 369
1731764375503 0.8899999856948853 370
1731764773884 0.8999166488647461 371
1731765172360 0.8985000252723694 372
1731765570895 0.8895000219345093 373
1731765969366 0.8943750262260437 374
1731766367749 0.8920833468437195 375
1731766766197 0.8899999856948853 376
1731767164915 0.8945000171661377 377
1731767563576 0.8952916860580444 378
1731767962241 0.8942499756813049 379
1731768360800 0.8915416598320007 380
1731768759465 0.8958749771118164 381
1731769158024 0.89083331823349 382
1731769556605 0.8994583487510681 383
1731769955325 0.9012500047683716 384
