1731616145717 0.9139036536216736 0
1731616547354 0.8939447402954102 1
1731616949934 0.8820566534996033 2
1731617352977 0.870921790599823 3
1731617756572 0.8605353236198425 4
1731618157312 0.8505240082740784 5
1731618558549 0.8410061597824097 6
1731618961377 0.8311499953269958 7
1731619367511 0.8201349973678589 8
1731619773565 0.8032717108726501 9
1731620175164 0.7955071330070496 10
1731620576868 0.7802017331123352 11
1731620978136 0.7618608474731445 12
1731621378848 0.7463693618774414 13
1731621780001 0.7336807250976562 14
1731622181051 0.7205778956413269 15
1731622582146 0.7073320150375366 16
1731622984744 0.7025593519210815 17
1731623387380 0.6891227960586548 18
1731623792239 0.6825398206710815 19
1731624195205 0.6778973937034607 20
1731624598135 0.6712819933891296 21
1731625000230 0.6626407504081726 22
1731625405779 0.6583760976791382 23
1731625806233 0.6482349634170532 24
1731626205998 0.6497142314910889 25
1731626606492 0.6371093988418579 26
1731627008124 0.6301716566085815 27
1731627408241 0.627714991569519 28
1731627808715 0.6238523721694946 29
1731628208292 0.6143834590911865 30
1731628607850 0.6102907061576843 31
1731629007383 0.6017411947250366 32
1731629407534 0.5927148461341858 33
1731629808698 0.5944124460220337 34
1731630209686 0.5791671872138977 35
1731630611319 0.5712829828262329 36
1731631012441 0.5668954849243164 37
1731631413395 0.5504539608955383 38
1731631814609 0.5478677749633789 39
1731632215546 0.5353865027427673 40
1731632616470 0.5259804129600525 41
1731633017141 0.5226637125015259 42
1731633417877 0.5085564851760864 43
1731633818269 0.5103479623794556 44
1731634218903 0.5108166337013245 45
1731634619548 0.49866509437561035 46
1731635020533 0.49657925963401794 47
1731635421234 0.48516348004341125 48
1731635821976 0.48879560828208923 49
1731636223012 0.4819026589393616 50
1731636623607 0.4763055741786957 51
1731637024498 0.4724026620388031 52
1731637425699 0.46356576681137085 53
1731637826459 0.46970659494400024 54
1731638227322 0.4640692472457886 55
1731638627964 0.46245670318603516 56
1731639028475 0.4587744176387787 57
1731639429066 0.44545215368270874 58
1731639829593 0.45658984780311584 59
1731640229927 0.44138461351394653 60
1731640630326 0.4478605091571808 61
1731641030649 0.44386038184165955 62
1731641431322 0.4426855146884918 63
1731641831942 0.4385128319263458 64
1731642232645 0.4400482475757599 65
1731642633223 0.4348827004432678 66
1731643034032 0.43946194648742676 67
1731643434760 0.42760804295539856 68
1731643835427 0.42819371819496155 69
1731644237717 0.43427228927612305 70
1731644640526 0.42535948753356934 71
1731645043067 0.424774706363678 72
1731645444024 0.42599043250083923 73
1731645843256 0.4241681694984436 74
1731646242403 0.43180137872695923 75
1731646643173 0.4235290586948395 76
1731647043233 0.41402745246887207 77
1731647443390 0.4177114963531494 78
1731647843684 0.42737752199172974 79
1731648244034 0.4208196997642517 80
1731648644544 0.4206051826477051 81
1731649045180 0.4099910855293274 82
1731649445728 0.42608511447906494 83
1731649845995 0.41608303785324097 84
1731650246795 0.4115397036075592 85
1731650647238 0.4184054434299469 86
1731651048437 0.41420963406562805 87
1731651449295 0.41389429569244385 88
1731651849955 0.4109729528427124 89
1731652250647 0.4177224934101105 90
1731652651828 0.4119356572628021 91
1731653052411 0.40468138456344604 92
1731653453182 0.4104554355144501 93
1731653853972 0.4131830930709839 94
1731654255332 0.40994498133659363 95
1731654655964 0.41503825783729553 96
1731655056620 0.4055670201778412 97
1731655457213 0.4093864858150482 98
1731655857762 0.40116381645202637 99
1731656258285 0.4146899878978729 100
1731656658874 0.3991875946521759 101
1731657059664 0.39578893780708313 102
1731657460197 0.4067527949810028 103
1731657861133 0.4082215428352356 104
1731658261647 0.41807615756988525 105
1731658662470 0.40421348810195923 106
1731659063075 0.4063167870044708 107
1731659463723 0.39997220039367676 108
1731659864417 0.39271092414855957 109
1731660264953 0.3957434892654419 110
1731660665573 0.3994731903076172 111
1731661066125 0.40437716245651245 112
1731661466637 0.40364107489585876 113
1731661867173 0.3985704779624939 114
1731662267715 0.39405521750450134 115
1731662668443 0.40069377422332764 116
1731663069002 0.40505358576774597 117
1731663469630 0.39526307582855225 118
1731663870205 0.40682750940322876 119
1731664270800 0.38976234197616577 120
1731664671351 0.40290823578834534 121
1731665071864 0.4120306074619293 122
1731665472774 0.4000914990901947 123
1731665873398 0.394334077835083 124
1731666273921 0.41020748019218445 125
1731666674386 0.398105263710022 126
1731667074863 0.3943992555141449 127
1731667475400 0.40721532702445984 128
1731667875920 0.40748491883277893 129
1731668276466 0.4126257300376892 130
1731668676976 0.39906230568885803 131
1731669077454 0.38953718543052673 132
1731669477896 0.39190638065338135 133
1731669878314 0.39965084195137024 134
1731670278642 0.3897651433944702 135
1731670679050 0.39810994267463684 136
1731671079594 0.3944835066795349 137
1731671480213 0.38525867462158203 138
1731671880697 0.39841264486312866 139
1731672281222 0.391018807888031 140
1731672681934 0.40649428963661194 141
1731673082458 0.3915552496910095 142
1731673482951 0.4049719572067261 143
1731673883518 0.39747539162635803 144
1731674284667 0.40023481845855713 145
1731674685105 0.39612454175949097 146
1731675087476 0.38898414373397827 147
1731675488409 0.3983890116214752 148
1731675887958 0.3960826098918915 149
1731676287527 0.39224153757095337 150
1731676687164 0.405253142118454 151
1731677086569 0.3968307673931122 152
1731677486703 0.4073731005191803 153
1731677888309 0.4000832140445709 154
1731678291162 0.39728227257728577 155
1731678692707 0.4029354751110077 156
1731679093626 0.387849897146225 157
1731679494529 0.3985041379928589 158
1731679897111 0.3952704668045044 159
1731680300522 0.38298094272613525 160
1731680703459 0.3923150300979614 161
1731681104562 0.41109687089920044 162
1731681506005 0.38721737265586853 163
1731681907530 0.37867870926856995 164
1731682309055 0.3909326493740082 165
1731682710907 0.3835069239139557 166
1731683112314 0.3923724889755249 167
1731683513871 0.384265661239624 168
1731683915612 0.388889878988266 169
1731684317469 0.3928115963935852 170
1731684719451 0.39381274580955505 171
1731685121502 0.39063501358032227 172
1731685523510 0.37913134694099426 173
1731685925333 0.38763049244880676 174
1731686327231 0.38423535227775574 175
1731686729862 0.3835292458534241 176
1731687130810 0.3849402964115143 177
1731687530938 0.3834836781024933 178
1731687931958 0.38998281955718994 179
1731688333387 0.3887219727039337 180
1731688734691 0.3886268436908722 181
1731689136129 0.37924453616142273 182
1731689537478 0.3821287751197815 183
1731689938760 0.38170307874679565 184
1731690340101 0.3897952735424042 185
1731690742262 0.39278608560562134 186
1731691144315 0.38672998547554016 187
1731691547066 0.3927348554134369 188
1731691950831 0.38010331988334656 189
1731692352415 0.3895511031150818 190
1731692753761 0.37985217571258545 191
1731693155184 0.3924904465675354 192
1731693556383 0.3836354911327362 193
1731693957671 0.38055217266082764 194
1731694359194 0.38907095789909363 195
1731694760800 0.3840865194797516 196
1731695162246 0.3851218521595001 197
1731695563695 0.38561874628067017 198
1731695965056 0.3924007713794708 199
1731696366555 0.3775825500488281 200
1731696768067 0.376260906457901 201
1731697169723 0.37472403049468994 202
1731697571506 0.3879411220550537 203
1731697973105 0.3769676983356476 204
1731698374841 0.37479469180107117 205
1731698776484 0.39038705825805664 206
1731699177998 0.38862329721450806 207
1731699579633 0.3711097836494446 208
1731699981214 0.37740832567214966 209
1731700382772 0.3772052824497223 210
1731700784556 0.40497148036956787 211
1731701186203 0.3818759620189667 212
1731701587820 0.37962326407432556 213
1731701989484 0.38290536403656006 214
1731702391218 0.39172419905662537 215
1731702793048 0.38109591603279114 216
1731703194604 0.3828280568122864 217
1731703596093 0.3804405927658081 218
1731703997599 0.37604260444641113 219
1731704399004 0.377147912979126 220
1731704802459 0.3786749243736267 221
1731705204199 0.3873027265071869 222
1731705604541 0.37251293659210205 223
1731706005262 0.38749709725379944 224
1731706406814 0.3939477205276489 225
1731706808346 0.3770521581172943 226
1731707209748 0.39355355501174927 227
1731707611239 0.3761487901210785 228
1731708012837 0.3876628875732422 229
1731708415130 0.3762287199497223 230
1731708819639 0.37570181488990784 231
1731709223914 0.37953653931617737 232
1731709624384 0.3924641013145447 233
1731710029963 0.37698227167129517 234
1731710432741 0.37923115491867065 235
1731710834199 0.38329455256462097 236
1731711237879 0.38489872217178345 237
1731711640471 0.3800094723701477 238
1731712040996 0.373820424079895 239
1731712441699 0.3804478645324707 240
1731712842445 0.374643474817276 241
1731713243071 0.3791327178478241 242
1731713643683 0.3754900395870209 243
1731714044286 0.3860512673854828 244
1731714445446 0.3701767027378082 245
1731714846717 0.3841082453727722 246
1731715248015 0.3841674029827118 247
1731715649370 0.38134801387786865 248
1731716050764 0.383482426404953 249
1731716452119 0.3788582384586334 250
1731716853456 0.38285595178604126 251
1731717254878 0.3761439919471741 252
1731717656165 0.38016995787620544 253
1731718057603 0.3902350664138794 254
1731718458974 0.3763471245765686 255
1731718860205 0.3828034996986389 256
1731719261526 0.37484967708587646 257
1731719662847 0.37442782521247864 258
1731720064134 0.38552993535995483 259
1731720465304 0.3787461221218109 260
1731720866565 0.38250479102134705 261
1731721267635 0.3766278028488159 262
1731721668789 0.38155651092529297 263
1731722069902 0.39587345719337463 264
1731722470960 0.37312212586402893 265
1731722872161 0.38159868121147156 266
1731723273204 0.3739675283432007 267
1731723674447 0.378098726272583 268
1731724075757 0.37012162804603577 269
1731724476966 0.3941275179386139 270
1731724878301 0.38155362010002136 271
1731725279482 0.37777167558670044 272
1731725680739 0.37226420640945435 273
1731726081929 0.370486319065094 274
1731726483263 0.37528181076049805 275
1731726890506 0.4086119532585144 276
1731727293320 0.370744913816452 277
1731727695131 0.3962674140930176 278
1731728095859 0.3669469356536865 279
1731728499117 0.3768817186355591 280
1731728899548 0.3748413920402527 281
1731729298758 0.3845612108707428 282
1731729697636 0.37360724806785583 283
1731730096202 0.3708806037902832 284
1731730494802 0.3792859613895416 285
1731730893634 0.3744068741798401 286
1731731292166 0.3791125416755676 287
1731731690830 0.36435964703559875 288
1731732089428 0.36592093110084534 289
1731732487852 0.37721753120422363 290
1731732886367 0.3901180922985077 291
1731733284925 0.37150895595550537 292
1731733683337 0.3786478638648987 293
1731734081915 0.3878781199455261 294
1731734480489 0.3839738070964813 295
1731734879221 0.3871235251426697 296
1731735277885 0.3863728940486908 297
1731735676531 0.37834301590919495 298
1731736075179 0.37803760170936584 299
1731736473673 0.3751932382583618 300
1731736872192 0.36396297812461853 301
1731737270673 0.3866349756717682 302
1731737669160 0.3721732497215271 303
1731738067788 0.36718013882637024 304
1731738466235 0.36998897790908813 305
1731738864717 0.3775476813316345 306
1731739263210 0.37215670943260193 307
1731739661808 0.379393607378006 308
1731740060305 0.3813457787036896 309
1731740458858 0.3861609399318695 310
1731740857405 0.3767835199832916 311
1731741256068 0.3819708228111267 312
1731741654603 0.38298478722572327 313
1731742053269 0.3753134310245514 314
1731742451625 0.37688764929771423 315
1731742850046 0.3807945251464844 316
1731743248505 0.36464518308639526 317
1731743646992 0.3771020174026489 318
1731744045669 0.37335628271102905 319
1731744444139 0.38408273458480835 320
1731744842621 0.3729458451271057 321
1731745241144 0.3749758005142212 322
1731745639527 0.3769776225090027 323
1731746038036 0.38354232907295227 324
1731746436359 0.37108558416366577 325
1731746834885 0.3735719919204712 326
1731747233235 0.3719058930873871 327
1731747631776 0.35795271396636963 328
1731748030271 0.36796215176582336 329
1731748428674 0.3710884749889374 330
1731748827104 0.3716481029987335 331
1731749225497 0.369346559047699 332
1731749624012 0.36424288153648376 333
1731750022599 0.3659866452217102 334
1731750421062 0.3819095492362976 335
1731750819604 0.36860376596450806 336
1731751218124 0.3748979866504669 337
1731751616654 0.3714883327484131 338
1731752015082 0.3743929862976074 339
1731752413622 0.3726278841495514 340
1731752812307 0.3818422555923462 341
1731753210761 0.39032527804374695 342
1731753609174 0.38181746006011963 343
1731754007623 0.36511585116386414 344
1731754406060 0.3798811733722687 345
1731754804339 0.3705180585384369 346
1731755202721 0.3642623722553253 347
1731755601591 0.37880581617355347 348
1731756000220 0.36450687050819397 349
1731756398798 0.36259475350379944 350
1731756797430 0.3855065405368805 351
1731757196622 0.3682580590248108 352
1731757595094 0.3762199282646179 353
1731757993581 0.36490505933761597 354
1731758391986 0.38691386580467224 355
1731758790619 0.3719530701637268 356
1731759189171 0.38287976384162903 357
1731759587585 0.37835875153541565 358
1731759986138 0.3683548867702484 359
1731760384696 0.3678523898124695 360
1731760783329 0.37522363662719727 361
1731761181741 0.37193888425827026 362
1731761580177 0.3643867075443268 363
1731761978692 0.37680289149284363 364
1731762377195 0.36729884147644043 365
1731762775600 0.37604525685310364 366
1731763175101 0.3775389790534973 367
1731763574997 0.3680613338947296 368
1731763976188 0.36296892166137695 369
1731764375503 0.37643468379974365 370
1731764773884 0.3688473403453827 371
1731765172360 0.367771714925766 372
1731765570895 0.3763878643512726 373
1731765969366 0.37193563580513 374
1731766367749 0.3745262026786804 375
1731766766197 0.37956586480140686 376
1731767164915 0.3676722049713135 377
1731767563576 0.3698020875453949 378
1731767962241 0.3735944330692291 379
1731768360800 0.3753184378147125 380
1731768759465 0.3698073625564575 381
1731769158024 0.3816227912902832 382
1731769556605 0.36189964413642883 383
1731769955325 0.3593401610851288 384
