1734030793593 0.4947499930858612 0
1734031218963 0.49658334255218506 1
1734031644731 0.5019999742507935 2
1734032070610 0.5056666731834412 3
1734032496735 0.5143333077430725 4
1734032922674 0.5110833048820496 5
1734033348699 0.5182499885559082 6
1734033774189 0.5335000157356262 7
1734034200196 0.5329166650772095 8
1734034626112 0.5329166650772095 9
1734035052238 0.5391666889190674 10
1734035478609 0.5385000109672546 11
1734035901663 0.534583330154419 12
1734036324663 0.5402500033378601 13
1734036748144 0.5454999804496765 14
1734037172100 0.5486666560173035 15
1734037595522 0.5452499985694885 16
1734038018605 0.5430833101272583 17
1734038440697 0.5443333387374878 18
1734038862710 0.5453333258628845 19
1734039285998 0.5569166541099548 20
1734039712371 0.5525833368301392 21
1734040138760 0.5552499890327454 22
1734040565286 0.5554999709129333 23
1734040991724 0.5518333315849304 24
1734041418099 0.5573333501815796 25
1734041844510 0.5559999942779541 26
1734042271000 0.5648333430290222 27
1734042697188 0.5680000185966492 28
1734043123778 0.5675833225250244 29
1734043550306 0.5775833129882812 30
1734043978464 0.5759999752044678 31
1734044403457 0.5874999761581421 32
1734044828568 0.5807499885559082 33
1734045253963 0.5898333191871643 34
1734045679279 0.6017500162124634 35
1734046104399 0.5983333587646484 36
1734046529517 0.606166660785675 37
1734046954530 0.612333357334137 38
1734047379498 0.6089166402816772 39
1734047804643 0.6173333525657654 40
1734048229879 0.6152499914169312 41
1734048654784 0.6229166388511658 42
1734049080133 0.6293333172798157 43
1734049505216 0.6259166598320007 44
1734049929688 0.637666642665863 45
1734050354909 0.640250027179718 46
1734050780016 0.6352499723434448 47
1734051204780 0.6474166512489319 48
1734051629431 0.643750011920929 49
1734052054428 0.6474999785423279 50
1734052479275 0.6525833606719971 51
1734052903994 0.6514166593551636 52
1734053328852 0.6507499814033508 53
1734053753521 0.6580833196640015 54
1734054178299 0.6635000109672546 55
1734054603284 0.6585000157356262 56
1734055028160 0.6660000085830688 57
1734055453182 0.6673333048820496 58
1734055877952 0.6725000143051147 59
1734056302855 0.6706666946411133 60
1734056727166 0.6695833206176758 61
1734057152268 0.6778333187103271 62
1734057577116 0.6690833568572998 63
