1734030793593 0.7100558876991272 0
1734031218963 0.697256863117218 1
1734031644731 0.6954256296157837 2
1734032070610 0.6954562067985535 3
1734032496735 0.6943466067314148 4
1734032922674 0.6945938467979431 5
1734033348699 0.6931902766227722 6
1734033774189 0.6914369463920593 7
1734034200196 0.6906241774559021 8
1734034626112 0.6902321577072144 9
1734035052238 0.6899880170822144 10
1734035478609 0.6889339089393616 11
1734035901663 0.6902663707733154 12
1734036324663 0.6884863376617432 13
1734036748144 0.6874935626983643 14
1734037172100 0.6871378421783447 15
1734037595522 0.6870005130767822 16
1734038018605 0.6853193640708923 17
1734038440697 0.6854573488235474 18
1734038862710 0.6860430240631104 19
1734039285998 0.6815172433853149 20
1734039712371 0.68401700258255 21
1734040138760 0.6812662482261658 22
1734040565286 0.6820659637451172 23
1734040991724 0.6804710030555725 24
1734041418099 0.6788908243179321 25
1734041844510 0.6787900924682617 26
1734042271000 0.6749703288078308 27
1734042697188 0.6711132526397705 28
1734043123778 0.6701195240020752 29
1734043550306 0.6634232401847839 30
1734043978464 0.6638075709342957 31
1734044403457 0.654456615447998 32
1734044828568 0.6505551934242249 33
1734045253963 0.6432468891143799 34
1734045679279 0.6358509063720703 35
1734046104399 0.6339400410652161 36
1734046529517 0.6270989179611206 37
1734046954530 0.6232664585113525 38
1734047379498 0.6208071112632751 39
1734047804643 0.6130900979042053 40
1734048229879 0.6144081354141235 41
1734048654784 0.610303521156311 42
1734049080133 0.6021928191184998 43
1734049505216 0.6019686460494995 44
1734049929688 0.5944375991821289 45
1734050354909 0.592461347579956 46
1734050780016 0.5924972891807556 47
1734051204780 0.583962082862854 48
1734051629431 0.5892528891563416 49
1734052054428 0.5814183354377747 50
1734052479275 0.5802729725837708 51
1734052903994 0.5764061808586121 52
1734053328852 0.5783616900444031 53
1734053753521 0.5712994933128357 54
1734054178299 0.5705158114433289 55
1734054603284 0.5670896768569946 56
1734055028160 0.5649003386497498 57
1734055453182 0.5635407567024231 58
1734055877952 0.5590028166770935 59
1734056302855 0.5580694079399109 60
1734056727166 0.5548443794250488 61
1734057152268 0.5532587170600891 62
1734057577116 0.5533968806266785 63
