1733982780851 0.4949166774749756 0
1733983028066 0.4972499907016754 1
1733983274996 0.49441665410995483 2
1733983519808 0.4857499897480011 3
1733983766104 0.4975000023841858 4
1733984008821 0.4972499907016754 5
1733984256472 0.4947499930858612 6
1733984499272 0.5095833539962769 7
1733984743461 0.5127500295639038 8
1733984983642 0.5178333520889282 9
1733985222511 0.5214166641235352 10
1733985466526 0.531499981880188 11
1733985713106 0.5264999866485596 12
1733985956899 0.5356666445732117 13
1733986198813 0.5325833559036255 14
1733986443764 0.54666668176651 15
1733986687551 0.5451666712760925 16
1733986926654 0.5534166693687439 17
1733987164370 0.5580833554267883 18
1733987409936 0.5562499761581421 19
1733987656666 0.5581666827201843 20
1733987901000 0.5565833449363708 21
1733988146003 0.57833331823349 22
1733988389781 0.5690000057220459 23
1733988631256 0.5790833234786987 24
1733988868409 0.5766666531562805 25
1733989106884 0.5809166431427002 26
1733989351218 0.5864999890327454 27
1733989598383 0.5882499814033508 28
1733989842426 0.5897499918937683 29
1733990086016 0.5888333320617676 30
1733990329922 0.5914166569709778 31
1733990568098 0.5956666469573975 32
1733990806035 0.5892500281333923 33
1733991049800 0.6008333563804626 34
1733991292788 0.6041666865348816 35
1733991537152 0.5999166369438171 36
1733991781990 0.6060000061988831 37
1733992026051 0.6039999723434448 38
1733992270679 0.6103333234786987 39
1733992507862 0.6070833206176758 40
1733992745773 0.6060000061988831 41
1733992992578 0.6069999933242798 42
1733993235538 0.6082500219345093 43
1733993478595 0.6024166941642761 44
1733993723417 0.6143333315849304 45
1733993967819 0.6114166378974915 46
1733994208525 0.6147500276565552 47
1733994444797 0.6144166588783264 48
1733994683912 0.6140833497047424 49
1733994932051 0.6180833578109741 50
1733995173998 0.6149166822433472 51
1733995417928 0.6186666488647461 52
1733995663045 0.6139166951179504 53
1733995904047 0.6196666955947876 54
1733996141552 0.6211666464805603 55
1733996379359 0.6208333373069763 56
1733996622366 0.621666669845581 57
1733996868718 0.6290000081062317 58
1733997112929 0.6204166412353516 59
1733997355735 0.6261666417121887 60
1733997597854 0.624916672706604 61
1733997838686 0.6175000071525574 62
1733998077754 0.6139166951179504 63
1733998316176 0.6239166855812073 64
1733998557960 0.6274166703224182 65
1733998801723 0.6240833401679993 66
1733999043600 0.6273333430290222 67
1733999285507 0.6195833086967468 68
1733999527675 0.6210833191871643 69
1733999767527 0.6274999976158142 70
1734000004901 0.6293333172798157 71
1734000247319 0.6314166784286499 72
1734000492797 0.6262500286102295 73
1734000734856 0.6340000033378601 74
1734000976595 0.625333309173584 75
1734001219430 0.6301666498184204 76
1734001459673 0.6233333349227905 77
1734001697724 0.6298333406448364 78
1734001935508 0.6291666626930237 79
1734002179624 0.6388333439826965 80
1734002423145 0.6319166421890259 81
1734002666414 0.6334166526794434 82
1734002911273 0.6269999742507935 83
1734003152608 0.6212499737739563 84
1734003393763 0.6305000185966492 85
1734003631152 0.6274166703224182 86
1734003873184 0.6294999718666077 87
1734004117891 0.6320000290870667 88
1734004362166 0.6284999847412109 89
1734004605773 0.637666642665863 90
1734004847774 0.6306666731834412 91
1734005093170 0.6287500262260437 92
1734005331374 0.637416660785675 93
1734005567647 0.6419166922569275 94
1734005812842 0.6410833597183228 95
1734006057893 0.637583315372467 96
1734006301699 0.6334999799728394 97
1734006543715 0.6381666660308838 98
1734006784310 0.64083331823349 99
1734007025289 0.6382499933242798 100
1734007264027 0.6344166398048401 101
1734007503717 0.6299166679382324 102
1734007749004 0.6413333415985107 103
1734007991729 0.6420000195503235 104
1734008236253 0.640666663646698 105
1734008480419 0.6396666765213013 106
1734008722223 0.643916666507721 107
1734008959940 0.640666663646698 108
1734009198275 0.640916645526886 109
1734009442582 0.6485000252723694 110
1734009686530 0.6455000042915344 111
1734009930207 0.6479166746139526 112
1734010173102 0.6512500047683716 113
1734010415417 0.6432499885559082 114
1734010656545 0.6395000219345093 115
1734010894251 0.6462500095367432 116
1734011133088 0.640250027179718 117
1734011378230 0.6504166722297668 118
1734011621944 0.6510833501815796 119
1734011866139 0.6499999761581421 120
1734012108849 0.6460833549499512 121
1734012350177 0.6497499942779541 122
1734012589154 0.6517500281333923 123
1734012826452 0.655916690826416 124
1734013068741 0.6484166383743286 125
1734013304166 0.6525833606719971 126
1734013539952 0.6471666693687439 127
1734013775583 0.6558333039283752 128
1734014011379 0.659583330154419 129
1734014247275 0.6554999947547913 130
1734014494669 0.6603333353996277 131
1734014741361 0.6576666831970215 132
1734014988110 0.659166693687439 133
1734015237074 0.656000018119812 134
1734015484803 0.6585000157356262 135
1734015731728 0.6623333096504211 136
1734015981321 0.6614166498184204 137
1734016229515 0.6554166674613953 138
1734016470754 0.6658333539962769 139
1734016705358 0.6628333330154419 140
1734016941444 0.6664999723434448 141
1734017177427 0.6638333201408386 142
1734017412734 0.6746666431427002 143
1734017647001 0.6709166765213013 144
1734017889029 0.674833357334137 145
1734018135644 0.6760833263397217 146
1734018382376 0.671500027179718 147
1734018630396 0.6790833473205566 148
1734018878405 0.6703333258628845 149
1734019125396 0.6778333187103271 150
1734019373156 0.6846666932106018 151
1734019620075 0.6772500276565552 152
1734019866790 0.6812499761581421 153
1734020113036 0.6779999732971191 154
