1733982780851 0.7418968081474304 0
1733983028066 0.7176035046577454 1
1733983274996 0.7168839573860168 2
1733983519808 0.7158898711204529 3
1733983766104 0.7149600982666016 4
1733984008821 0.7136742472648621 5
1733984256472 0.7129412293434143 6
1733984499272 0.7113083600997925 7
1733984743461 0.7110658884048462 8
1733984983642 0.7085651159286499 9
1733985222511 0.7071758508682251 10
1733985466526 0.7043452858924866 11
1733985713106 0.7046264410018921 12
1733985956899 0.701547384262085 13
1733986198813 0.7013941407203674 14
1733986443764 0.6971923112869263 15
1733986687551 0.6975020170211792 16
1733986926654 0.695470929145813 17
1733987164370 0.6919863224029541 18
1733987409936 0.6922606825828552 19
1733987656666 0.6907458305358887 20
1733987901000 0.6879602074623108 21
1733988146003 0.680301308631897 22
1733988389781 0.6798965334892273 23
1733988631256 0.6732087731361389 24
1733988868409 0.6755239367485046 25
1733989106884 0.6682853102684021 26
1733989351218 0.6662119030952454 27
1733989598383 0.6621144413948059 28
1733989842426 0.6612100601196289 29
1733990086016 0.6592261791229248 30
1733990329922 0.657475471496582 31
1733990568098 0.6571378707885742 32
1733990806035 0.6567224264144897 33
1733991049800 0.6502270698547363 34
1733991292788 0.6513914465904236 35
1733991537152 0.6516450643539429 36
1733991781990 0.6492242217063904 37
1733992026051 0.6456103324890137 38
1733992270679 0.647351086139679 39
1733992507862 0.6443405151367188 40
1733992745773 0.6485923528671265 41
1733992992578 0.6420387029647827 42
1733993235538 0.6441600918769836 43
1733993478595 0.6443447470664978 44
1733993723417 0.6436322927474976 45
1733993967819 0.6407805681228638 46
1733994208525 0.6411427855491638 47
1733994444797 0.6394848823547363 48
1733994683912 0.6405433416366577 49
1733994932051 0.6355574131011963 50
1733995173998 0.6393956542015076 51
1733995417928 0.6348316073417664 52
1733995663045 0.6386369466781616 53
1733995904047 0.6349182724952698 54
1733996141552 0.6325317621231079 55
1733996379359 0.6332677602767944 56
1733996622366 0.632550835609436 57
1733996868718 0.6274683475494385 58
1733997112929 0.6367995142936707 59
1733997355735 0.629071831703186 60
1733997597854 0.6312584280967712 61
1733997838686 0.6336979866027832 62
1733998077754 0.6338099241256714 63
1733998316176 0.6311284303665161 64
1733998557960 0.6288827657699585 65
1733998801723 0.6294036507606506 66
1733999043600 0.6265577077865601 67
1733999285507 0.6280379891395569 68
1733999527675 0.6276199817657471 69
1733999767527 0.628575325012207 70
1734000004901 0.6245786547660828 71
1734000247319 0.626508355140686 72
1734000492797 0.6268483996391296 73
1734000734856 0.6250361204147339 74
1734000976595 0.6298431754112244 75
1734001219430 0.6221764087677002 76
1734001459673 0.6267297267913818 77
1734001697724 0.6237123012542725 78
1734001935508 0.6224163770675659 79
1734002179624 0.6206442713737488 80
1734002423145 0.6248925924301147 81
1734002666414 0.6233934760093689 82
1734002911273 0.6233000159263611 83
1734003152608 0.6238759756088257 84
1734003393763 0.621206521987915 85
1734003631152 0.6196433901786804 86
1734003873184 0.6208346486091614 87
1734004117891 0.6187829375267029 88
1734004362166 0.6213430762290955 89
1734004605773 0.6127795577049255 90
1734004847774 0.619466245174408 91
1734005093170 0.6185409426689148 92
1734005331374 0.6163575649261475 93
1734005567647 0.6148590445518494 94
1734005812842 0.6129180788993835 95
1734006057893 0.6175619959831238 96
1734006301699 0.6173744201660156 97
1734006543715 0.6136557459831238 98
1734006784310 0.6125184893608093 99
1734007025289 0.6171720623970032 100
1734007264027 0.6148794889450073 101
1734007503717 0.6156927347183228 102
1734007749004 0.6101474165916443 103
1734007991729 0.6165951490402222 104
1734008236253 0.6144586205482483 105
1734008480419 0.6119334101676941 106
1734008722223 0.6091856360435486 107
1734008959940 0.6113744974136353 108
1734009198275 0.6090366840362549 109
1734009442582 0.6065893769264221 110
1734009686530 0.6067380905151367 111
1734009930207 0.6030413508415222 112
1734010173102 0.6055167317390442 113
1734010415417 0.6093645691871643 114
1734010656545 0.6057696342468262 115
1734010894251 0.6047776937484741 116
1734011133088 0.6098373532295227 117
1734011378230 0.600456953048706 118
1734011621944 0.6053098440170288 119
1734011866139 0.5985894799232483 120
1734012108849 0.6039093732833862 121
1734012350177 0.6017327904701233 122
1734012589154 0.6010011434555054 123
1734012826452 0.5964562892913818 124
1734013068741 0.5980484485626221 125
1734013304166 0.5996012687683105 126
1734013539952 0.6013785600662231 127
1734013775583 0.5952088236808777 128
1734014011379 0.6005364060401917 129
1734014247275 0.5968132019042969 130
1734014494669 0.5947475433349609 131
1734014741361 0.5937212109565735 132
1734014988110 0.5892510414123535 133
1734015237074 0.59553462266922 134
1734015484803 0.5905634760856628 135
1734015731728 0.5921412110328674 136
1734015981321 0.5924504995346069 137
1734016229515 0.5907192230224609 138
1734016470754 0.5883198976516724 139
1734016705358 0.5867307186126709 140
1734016941444 0.5910666584968567 141
1734017177427 0.5827165246009827 142
1734017412734 0.5827280879020691 143
1734017647001 0.5813829302787781 144
1734017889029 0.5768802762031555 145
1734018135644 0.5788162350654602 146
1734018382376 0.578809916973114 147
1734018630396 0.5756192803382874 148
1734018878405 0.583906888961792 149
1734019125396 0.5772523880004883 150
1734019373156 0.5730200409889221 151
1734019620075 0.5784797072410583 152
1734019866790 0.5725418329238892 153
1734020113036 0.5707405805587769 154
