1734390509663 0.5034166574478149 0
1734390934112 0.5007500052452087 1
1734391357955 0.5041666626930237 2
1734391782014 0.5085833072662354 3
1734392205978 0.5121666789054871 4
1734392630004 0.5180833339691162 5
1734393055793 0.5225833058357239 6
1734393488479 0.5233333110809326 7
1734393921302 0.527916669845581 8
1734394351667 0.5263333320617676 9
1734394778789 0.5347499847412109 10
1734395204797 0.5274166464805603 11
1734395631017 0.5340833067893982 12
1734396056678 0.5352500081062317 13
1734396482657 0.5404999852180481 14
1734396908682 0.5404999852180481 15
1734397334773 0.5422499775886536 16
1734397760736 0.5294166803359985 17
1734398186960 0.5425833463668823 18
1734398613206 0.5399166941642761 19
1734399039381 0.5328333377838135 20
1734399465003 0.54708331823349 21
1734399890833 0.5486666560173035 22
1734400317247 0.5483333468437195 23
1734400743292 0.5516666769981384 24
1734401169155 0.5549166798591614 25
1734401595231 0.5564166903495789 26
1734402021422 0.5574166774749756 27
1734402447201 0.5524166822433472 28
1734402872726 0.5559999942779541 29
1734403298737 0.5566666722297668 30
1734403725009 0.5579166412353516 31
1734404151240 0.5644166469573975 32
1734404576994 0.565500020980835 33
1734405003031 0.5635833144187927 34
1734405429038 0.5683333277702332 35
1734405852429 0.5766666531562805 36
1734406277825 0.5651666522026062 37
1734406704164 0.5745833516120911 38
1734407129966 0.575083315372467 39
1734407558565 0.5834166407585144 40
1734407986046 0.5845000147819519 41
1734408413503 0.5914999842643738 42
1734408841765 0.5951666831970215 43
1734409267854 0.6057500243186951 44
1734409692248 0.6044166684150696 45
1734410113132 0.6046666502952576 46
1734410534253 0.6103333234786987 47
1734410956690 0.6103333234786987 48
1734411378853 0.6203333139419556 49
1734411800958 0.6285833120346069 50
1734412223052 0.621916651725769 51
1734412645204 0.6207500100135803 52
1734413067341 0.6288333535194397 53
1734413489475 0.6315833330154419 54
1734413911502 0.6330833435058594 55
1734414333579 0.6345000267028809 56
1734414755582 0.6308333277702332 57
1734415177531 0.6371666789054871 58
1734415599618 0.6491666436195374 59
1734416021584 0.6416666507720947 60
1734416443627 0.6459166407585144 61
1734416865754 0.6421666741371155 62
1734417287813 0.6424999833106995 63
1734417709954 0.6535000205039978 64
1734418132227 0.6573333144187927 65
1734418554506 0.6543333530426025 66
1734418976634 0.6601666808128357 67
1734419399072 0.6555833220481873 68
1734419821375 0.6599166393280029 69
1734420243497 0.6582499742507935 70
1734420665518 0.6606666445732117 71
1734421087549 0.6683333516120911 72
1734421509508 0.6668333411216736 73
1734421931541 0.6675833463668823 74
1734422353566 0.6650000214576721 75
1734422775642 0.6706666946411133 76
1734423197589 0.6699166893959045 77
1734423619615 0.6699166893959045 78
1734424041605 0.6738333106040955 79
1734424463860 0.6757500171661377 80
1734424886006 0.6774166822433472 81
1734425307996 0.6784999966621399 82
1734425730022 0.6881666779518127 83
1734426151846 0.6794166564941406 84
1734426573814 0.6875 85
1734426995874 0.6912500262260437 86
1734427418091 0.6902499794960022 87
1734427840239 0.6939166784286499 88
1734428262092 0.6884166598320007 89
1734428683904 0.6931666731834412 90
1734429105800 0.6954166889190674 91
1734429527755 0.6923333406448364 92
1734429949633 0.703083336353302 93
1734430371568 0.7003333568572998 94
1734430793311 0.7010833621025085 95
1734431215306 0.6988333463668823 96
1734431637444 0.7092499732971191 97
1734432059405 0.7074999809265137 98
1734432481205 0.7041666507720947 99
1734432903216 0.7059166431427002 100
1734433325109 0.7126666903495789 101
1734433747020 0.7090833187103271 102
1734434168975 0.7109166383743286 103
1734434591056 0.7099999785423279 104
1734435012835 0.7181666493415833 105
1734435434586 0.7109166383743286 106
1734435856465 0.7110833525657654 107
1734436278343 0.7150833606719971 108
1734436700047 0.7195833325386047 109
1734437121942 0.7134166955947876 110
1734437543736 0.7193333506584167 111
1734437965487 0.7229999899864197 112
1734438387365 0.718583345413208 113
1734438809209 0.7289166450500488 114
1734439230829 0.7214166522026062 115
1734439652629 0.721833348274231 116
1734440074473 0.7256666421890259 117
1734440496350 0.7245833277702332 118
1734440918204 0.7287499904632568 119
1734441340171 0.7300833463668823 120
1734441762115 0.7237499952316284 121
1734442184019 0.7251666784286499 122
1734442605838 0.7372499704360962 123
1734443027644 0.7354999780654907 124
1734443449580 0.7319166660308838 125
1734443871543 0.7316666841506958 126
1734444293789 0.7270833253860474 127
1734444716052 0.7391666769981384 128
1734445138041 0.7317500114440918 129
1734445560110 0.746999979019165 130
1734445982282 0.7327499985694885 131
1734446404411 0.7410833239555359 132
1734446826556 0.7368333339691162 133
1734447248852 0.7353333234786987 134
1734447671031 0.7350833415985107 135
1734448093283 0.7430833578109741 136
1734448515545 0.7421666383743286 137
1734448937757 0.7432500123977661 138
1734449359869 0.7419166564941406 139
1734449782107 0.7414166927337646 140
1734450204537 0.7398333549499512 141
1734450626923 0.7452499866485596 142
1734451049566 0.75 143
1734451472876 0.7404999732971191 144
1734451893981 0.7407500147819519 145
1734452315212 0.7430833578109741 146
1734452736375 0.7430833578109741 147
1734453157663 0.7465000152587891 148
1734453579166 0.75 149
1734454000526 0.7440833449363708 150
1734454423214 0.7422500252723694 151
1734454846129 0.7493333220481873 152
1734455269204 0.750249981880188 153
1734455692327 0.7543333172798157 154
1734456115385 0.7492499947547913 155
1734456538407 0.7514166831970215 156
1734456961305 0.747083306312561 157
1734457384303 0.7515833377838135 158
1734457807261 0.753083348274231 159
1734458230393 0.7577499747276306 160
1734458653860 0.7524999976158142 161
1734459077218 0.7565000057220459 162
1734459500569 0.7564166784286499 163
1734459923863 0.7555833458900452 164
1734460347298 0.7552499771118164 165
1734460770589 0.7542499899864197 166
1734461193889 0.7519999742507935 167
1734461617374 0.7571666836738586 168
1734462041092 0.7616666555404663 169
1734462464777 0.7563333511352539 170
1734462888595 0.7615000009536743 171
1734463312447 0.7569166421890259 172
1734463736108 0.7574999928474426 173
1734464159866 0.7674166560173035 174
1734464583149 0.7635833621025085 175
1734465006408 0.7596666812896729 176
1734465429597 0.7639999985694885 177
1734465852662 0.7608333230018616 178
1734466275677 0.7703333497047424 179
1734466698792 0.76583331823349 180
1734467121834 0.7705000042915344 181
1734467544782 0.7680000066757202 182
1734467967664 0.7714999914169312 183
1734468389285 0.7677500247955322 184
