1734390509663 0.713327944278717 0
1734390934112 0.7011584639549255 1
1734391357955 0.6996023654937744 2
1734391782014 0.6999380588531494 3
1734392205978 0.6981649398803711 4
1734392630004 0.6969344615936279 5
1734393055793 0.6966489553451538 6
1734393488479 0.696718692779541 7
1734393921302 0.6960103511810303 8
1734394351667 0.6947928667068481 9
1734394778789 0.6934313178062439 10
1734395204797 0.6949390172958374 11
1734395631017 0.6933676600456238 12
1734396056678 0.6924934983253479 13
1734396482657 0.6918992400169373 14
1734396908682 0.6914483904838562 15
1734397334773 0.6910837292671204 16
1734397760736 0.6932832598686218 17
1734398186960 0.6893265843391418 18
1734398613206 0.690298855304718 19
1734399039381 0.6908992528915405 20
1734399465003 0.6881644129753113 21
1734399890833 0.6872755289077759 22
1734400317247 0.6872971057891846 23
1734400743292 0.6856002807617188 24
1734401169155 0.6838012933731079 25
1734401595231 0.6824142932891846 26
1734402021422 0.6851368546485901 27
1734402447201 0.6819009184837341 28
1734402872726 0.6828588843345642 29
1734403298737 0.6795654296875 30
1734403725009 0.6789836287498474 31
1734404151240 0.6764072179794312 32
1734404576994 0.6750410795211792 33
1734405003031 0.6765550971031189 34
1734405429038 0.6714315414428711 35
1734405852429 0.6697723269462585 36
1734406277825 0.6712244749069214 37
1734406704164 0.6666852235794067 38
1734407129966 0.6632322072982788 39
1734407558565 0.6546916365623474 40
1734407986046 0.6538763642311096 41
1734408413503 0.6446407437324524 42
1734408841765 0.6417606472969055 43
1734409267854 0.6369644999504089 44
1734409692248 0.6371283531188965 45
1734410113132 0.635068953037262 46
1734410534253 0.6283207535743713 47
1734410956690 0.6249760985374451 48
1734411378853 0.6195518374443054 49
1734411800958 0.6155776977539062 50
1734412223052 0.6136656999588013 51
1734412645204 0.6159459948539734 52
1734413067341 0.6073902249336243 53
1734413489475 0.6057605147361755 54
1734413911502 0.6052486300468445 55
1734414333579 0.6015410423278809 56
1734414755582 0.6018275022506714 57
1734415177531 0.6038843393325806 58
1734415599618 0.5968356728553772 59
1734416021584 0.596160352230072 60
1734416443627 0.5964495539665222 61
1734416865754 0.5940499901771545 62
1734417287813 0.5915290117263794 63
1734417709954 0.5880320072174072 64
1734418132227 0.5832955837249756 65
1734418554506 0.5862212181091309 66
1734418976634 0.5839954614639282 67
1734419399072 0.585211455821991 68
1734419821375 0.5788015723228455 69
1734420243497 0.5826416611671448 70
1734420665518 0.5781059861183167 71
1734421087549 0.5728643536567688 72
1734421509508 0.5741886496543884 73
1734421931541 0.5727233290672302 74
1734422353566 0.5723199844360352 75
1734422775642 0.5713896751403809 76
1734423197589 0.5684819221496582 77
1734423619615 0.56679368019104 78
1734424041605 0.5635451078414917 79
1734424463860 0.5648903250694275 80
1734424886006 0.5630282163619995 81
1734425307996 0.5658832788467407 82
1734425730022 0.5552061200141907 83
1734426151846 0.5579177737236023 84
1734426573814 0.555601954460144 85
1734426995874 0.5543426275253296 86
1734427418091 0.5548655390739441 87
1734427840239 0.5475980043411255 88
1734428262092 0.5501862168312073 89
1734428683904 0.5442911982536316 90
1734429105800 0.5463638305664062 91
1734429527755 0.546235203742981 92
1734429949633 0.5401260852813721 93
1734430371568 0.5393106341362 94
1734430793311 0.5418453216552734 95
1734431215306 0.5414637327194214 96
1734431637444 0.5352547764778137 97
1734432059405 0.5357502102851868 98
1734432481205 0.5366927981376648 99
1734432903216 0.5337266325950623 100
1734433325109 0.5337421298027039 101
1734433747020 0.529149055480957 102
1734434168975 0.5283778309822083 103
1734434591056 0.5295525193214417 104
1734435012835 0.5186906456947327 105
1734435434586 0.5190349221229553 106
1734435856465 0.5233626365661621 107
1734436278343 0.5206714868545532 108
1734436700047 0.5190040469169617 109
1734437121942 0.5170621871948242 110
1734437543736 0.5168670415878296 111
1734437965487 0.5139217376708984 112
1734438387365 0.5144402384757996 113
1734438809209 0.5077980756759644 114
1734439230829 0.5075942873954773 115
1734439652629 0.5131769180297852 116
1734440074473 0.5047491192817688 117
1734440496350 0.5100035667419434 118
1734440918204 0.5112782716751099 119
1734441340171 0.5024817585945129 120
1734441762115 0.5056931376457214 121
1734442184019 0.507203221321106 122
1734442605838 0.4977801442146301 123
1734443027644 0.4995923936367035 124
1734443449580 0.5024486780166626 125
1734443871543 0.5000270009040833 126
1734444293789 0.5035980343818665 127
1734444716052 0.49490493535995483 128
1734445138041 0.4960460662841797 129
1734445560110 0.49241724610328674 130
1734445982282 0.4953998923301697 131
1734446404411 0.4908239245414734 132
1734446826556 0.49452123045921326 133
1734447248852 0.4918861985206604 134
1734447671031 0.4955107569694519 135
1734448093283 0.49227994680404663 136
1734448515545 0.49022412300109863 137
1734448937757 0.48434412479400635 138
1734449359869 0.48573005199432373 139
1734449782107 0.4905036985874176 140
1734450204537 0.489201158285141 141
1734450626923 0.4839170277118683 142
1734451049566 0.48072925209999084 143
1734451472876 0.4878235161304474 144
1734451893981 0.488664835691452 145
1734452315212 0.48232755064964294 146
1734452736375 0.4849663972854614 147
1734453157663 0.4828321039676666 148
1734453579166 0.47915393114089966 149
1734454000526 0.4854334592819214 150
1734454423214 0.4819711446762085 151
1734454846129 0.47734272480010986 152
1734455269204 0.480303019285202 153
1734455692327 0.4763564467430115 154
1734456115385 0.4817900061607361 155
1734456538407 0.47546297311782837 156
1734456961305 0.477928102016449 157
1734457384303 0.472267746925354 158
1734457807261 0.4744599461555481 159
1734458230393 0.4650721848011017 160
1734458653860 0.4724084734916687 161
1734459077218 0.4714485704898834 162
1734459500569 0.46637099981307983 163
1734459923863 0.4709756672382355 164
1734460347298 0.4710559844970703 165
1734460770589 0.4674094319343567 166
1734461193889 0.4719141721725464 167
1734461617374 0.4663046896457672 168
1734462041092 0.46222639083862305 169
1734462464777 0.46955662965774536 170
1734462888595 0.4634680449962616 171
1734463312447 0.4622359275817871 172
1734463736108 0.46390071511268616 173
1734464159866 0.4566018879413605 174
1734464583149 0.46036937832832336 175
1734465006408 0.46133214235305786 176
1734465429597 0.4589698612689972 177
1734465852662 0.4580609202384949 178
1734466275677 0.4500546455383301 179
1734466698792 0.4569576382637024 180
1734467121834 0.4537254571914673 181
1734467544782 0.4565598666667938 182
1734467967664 0.4490259885787964 183
1734468389285 0.452352911233902 184
