1732053624060 0.500249981880188 0
1732053972144 0.4932500123977661 1
1732054319335 0.49958333373069763 2
1732054665851 0.5090000033378601 3
1732055014000 0.5034166574478149 4
1732055361325 0.49966666102409363 5
1732055708794 0.5024999976158142 6
1732056056908 0.5017499923706055 7
1732056404684 0.5202500224113464 8
1732056752748 0.5210833549499512 9
1732057099915 0.5277500152587891 10
1732057448243 0.5446666479110718 11
1732057795209 0.5574166774749756 12
1732058142074 0.5721666812896729 13
1732058489636 0.5877500176429749 14
1732058836708 0.5927500128746033 15
1732059184544 0.6020833253860474 16
1732059531292 0.6150833368301392 17
1732059878107 0.6154999732971191 18
1732060225149 0.6205833554267883 19
1732060572455 0.6306666731834412 20
1732060919755 0.6462500095367432 21
1732061268001 0.6468333601951599 22
1732061615157 0.6485833525657654 23
1732061962819 0.6624166369438171 24
1732062312733 0.6567500233650208 25
1732062659949 0.6543333530426025 26
1732063007717 0.6605833172798157 27
1732063355100 0.67208331823349 28
1732063702693 0.6763333082199097 29
1732064050083 0.6757500171661377 30
1732064396874 0.6897500157356262 31
1732064744130 0.6948333382606506 32
1732065091111 0.6955833435058594 33
1732065438143 0.7078333497047424 34
1732065785452 0.7070833444595337 35
1732066133920 0.7169166803359985 36
1732066482783 0.718916654586792 37
1732066829163 0.731166660785675 38
1732067176395 0.7357500195503235 39
1732067523955 0.7334166765213013 40
1732067870886 0.7408333420753479 41
1732068217924 0.7475833296775818 42
1732068565484 0.7440833449363708 43
1732068911295 0.7506666779518127 44
1732069256871 0.7555833458900452 45
1732069603919 0.7559166550636292 46
1732069951020 0.7572500109672546 47
1732070297794 0.7595833539962769 48
1732070644789 0.7629166841506958 49
1732070991848 0.7630000114440918 50
1732071338742 0.7738333344459534 51
1732071685926 0.7748333215713501 52
1732072032783 0.7743333578109741 53
1732072379593 0.7770000100135803 54
1732072726366 0.7835833430290222 55
1732073073332 0.7822499871253967 56
1732073420409 0.7856666445732117 57
1732073767198 0.7881666421890259 58
1732074114164 0.7905833125114441 59
1732074460962 0.7903333306312561 60
1732074807778 0.7958333492279053 61
1732075154643 0.797166645526886 62
1732075501468 0.7962499856948853 63
1732075848183 0.8002499938011169 64
1732076194803 0.7983333468437195 65
1732076541401 0.8029999732971191 66
1732076888015 0.8070833086967468 67
1732077235465 0.7960833311080933 68
1732077582022 0.8041666746139526 69
1732077928626 0.8085833191871643 70
1732078275283 0.812333345413208 71
1732078622205 0.8089166879653931 72
1732078968561 0.8130833506584167 73
1732079315148 0.8050000071525574 74
1732079661788 0.8146666884422302 75
1732080008425 0.812583327293396 76
1732080354972 0.8150833249092102 77
1732080701729 0.815833330154419 78
1732081048527 0.815666675567627 79
1732081395147 0.8186666369438171 80
1732081741587 0.8253333568572998 81
1732082088140 0.8242499828338623 82
1732082434753 0.8213333487510681 83
1732082781367 0.8223333358764648 84
1732083128030 0.8193333148956299 85
1732083474988 0.8186666369438171 86
1732083821635 0.8270833492279053 87
1732084168305 0.8274166584014893 88
1732084514902 0.8255833387374878 89
1732084861549 0.8321666717529297 90
1732085208112 0.8322499990463257 91
1732085554592 0.8302500247955322 92
1732085901121 0.8326666951179504 93
1732086247658 0.8355000019073486 94
1732086594495 0.8296666741371155 95
1732086941199 0.828499972820282 96
1732087287917 0.8387500047683716 97
1732087634934 0.8368333578109741 98
1732087981675 0.8324999809265137 99
1732088328377 0.8390833139419556 100
1732088675070 0.8346666693687439 101
1732089021710 0.8351666927337646 102
1732089368426 0.840583324432373 103
1732089715070 0.8362500071525574 104
1732090061990 0.8350833058357239 105
1732090408591 0.8423333168029785 106
1732090755156 0.8364166617393494 107
1732091101753 0.8429166674613953 108
1732091448333 0.8429166674613953 109
1732091794944 0.8443333506584167 110
1732092141531 0.8445000052452087 111
1732092488123 0.8399166464805603 112
1732092834797 0.8462499976158142 113
1732093181487 0.8421666622161865 114
1732093528143 0.8489999771118164 115
1732093874821 0.8429166674613953 116
1732094221507 0.847000002861023 117
1732094568076 0.843833327293396 118
1732094914671 0.8519166707992554 119
1732095261188 0.8444166779518127 120
1732095607777 0.8454999923706055 121
1732095954369 0.8479166626930237 122
1732096300857 0.8463333249092102 123
1732096647281 0.8491666913032532 124
1732096993777 0.856083333492279 125
1732097340128 0.8532500267028809 126
1732097686583 0.8575000166893005 127
1732098033067 0.8574166893959045 128
1732098379477 0.8512499928474426 129
1732098726281 0.8539166450500488 130
1732099072723 0.8551666736602783 131
1732099419239 0.8575833439826965 132
1732099765707 0.8538333177566528 133
1732100112271 0.8488333225250244 134
1732100458779 0.8556666374206543 135
1732100805202 0.8610833287239075 136
1732101151742 0.8551666736602783 137
1732101498324 0.8599166870117188 138
1732101844904 0.8529166579246521 139
1732102191492 0.8585833311080933 140
1732102538124 0.8604166507720947 141
1732102884680 0.8579166531562805 142
1732103231225 0.859749972820282 143
1732103577629 0.8565000295639038 144
1732103923983 0.8547499775886536 145
1732104270738 0.8630833625793457 146
1732104617051 0.8622499704360962 147
1732104963511 0.8629999756813049 148
1732105309963 0.8576666712760925 149
1732105656483 0.8584166765213013 150
1732106002845 0.856083333492279 151
1732106349180 0.85916668176651 152
1732106695899 0.8652499914169312 153
1732107042268 0.859499990940094 154
1732107388742 0.8617500066757202 155
1732107735143 0.859749972820282 156
1732108081628 0.8611666560173035 157
1732108428112 0.8629999756813049 158
1732108775499 0.8628333210945129 159
1732109123907 0.85958331823349 160
1732109471043 0.862416684627533 161
1732109816623 0.8606666922569275 162
1732110162103 0.8641666769981384 163
1732110511647 0.8667500019073486 164
1732110862221 0.8599166870117188 165
1732111209112 0.8697500228881836 166
1732111555963 0.8711666464805603 167
1732111902864 0.8697500228881836 168
1732112249882 0.8694999814033508 169
1732112596742 0.8665833473205566 170
1732112943526 0.8680833578109741 171
1732113290376 0.8611666560173035 172
1732113637317 0.8615833520889282 173
1732113984160 0.8670833110809326 174
1732114331127 0.8618333339691162 175
1732114678201 0.8684999942779541 176
1732115025285 0.8690833449363708 177
1732115372419 0.8687499761581421 178
1732115719587 0.8694999814033508 179
1732116066798 0.8651666641235352 180
1732116413781 0.8678333163261414 181
1732116761039 0.8654166460037231 182
1732117108306 0.8699166774749756 183
1732117455574 0.8725833296775818 184
1732117803319 0.8744999766349792 185
1732118151012 0.874666690826416 186
