1732053624060 1.4211399555206299 0
1732053972144 1.1285865306854248 1
1732054319335 1.041033387184143 2
1732054665851 0.9936553835868835 3
1732055014000 0.9700402617454529 4
1732055361325 0.9479080438613892 5
1732055708794 0.9309275150299072 6
1732056056908 0.9128001928329468 7
1732056404684 0.8945357203483582 8
1732056752748 0.8805041313171387 9
1732057099915 0.8625677824020386 10
1732057448243 0.8467725515365601 11
1732057795209 0.8338038921356201 12
1732058142074 0.8170353174209595 13
1732058489636 0.7964274287223816 14
1732058836708 0.7824633121490479 15
1732059184544 0.7678603529930115 16
1732059531292 0.7526791095733643 17
1732059878107 0.7432855367660522 18
1732060225149 0.7340360283851624 19
1732060572455 0.7210524082183838 20
1732060919755 0.7052560448646545 21
1732061268001 0.6922488808631897 22
1732061615157 0.6883552074432373 23
1732061962819 0.6738349795341492 24
1732062312733 0.6639577746391296 25
1732062659949 0.6655652523040771 26
1732063007717 0.6547607779502869 27
1732063355100 0.6377149820327759 28
1732063702693 0.6317106485366821 29
1732064050083 0.6319867372512817 30
1732064396874 0.6078780293464661 31
1732064744130 0.604871928691864 32
1732065091111 0.596571147441864 33
1732065438143 0.5897432565689087 34
1732065785452 0.5819181203842163 35
1732066133920 0.571336567401886 36
1732066482783 0.5721827745437622 37
1732066829163 0.5612965226173401 38
1732067176395 0.5526238083839417 39
1732067523955 0.5494797229766846 40
1732067870886 0.5394713878631592 41
1732068217924 0.5345554351806641 42
1732068565484 0.5298582911491394 43
1732068911295 0.5264164209365845 44
1732069256871 0.5228472352027893 45
1732069603919 0.5163453817367554 46
1732069951020 0.5197237730026245 47
1732070297794 0.5139277577400208 48
1732070644789 0.5085740685462952 49
1732070991848 0.5090895891189575 50
1732071338742 0.49237483739852905 51
1732071685926 0.4920802414417267 52
1732072032783 0.4908989667892456 53
1732072379593 0.4874318540096283 54
1732072726366 0.4826342463493347 55
1732073073332 0.4852379560470581 56
1732073420409 0.4791451692581177 57
1732073767198 0.47865554690361023 58
1732074114164 0.4731806218624115 59
1732074460962 0.4723885953426361 60
1732074807778 0.4669874310493469 61
1732075154643 0.47025012969970703 62
1732075501468 0.4687880575656891 63
1732075848183 0.4575374722480774 64
1732076194803 0.4614734351634979 65
1732076541401 0.45247358083724976 66
1732076888015 0.4523751735687256 67
1732077235465 0.4649833142757416 68
1732077582022 0.4523968994617462 69
1732077928626 0.4477561116218567 70
1732078275283 0.4456421434879303 71
1732078622205 0.4532598555088043 72
1732078968561 0.4446702003479004 73
1732079315148 0.4518147110939026 74
1732079661788 0.4415998160839081 75
1732080008425 0.4401720464229584 76
1732080354972 0.44763752818107605 77
1732080701729 0.4391044080257416 78
1732081048527 0.44299301505088806 79
1732081395147 0.4409666061401367 80
1732081741587 0.4343814551830292 81
1732082088140 0.4290209114551544 82
1732082434753 0.4410961866378784 83
1732082781367 0.437642902135849 84
1732083128030 0.43612584471702576 85
1732083474988 0.4386763572692871 86
1732083821635 0.4277362525463104 87
1732084168305 0.42574647068977356 88
1732084514902 0.42811352014541626 89
1732084861549 0.4288022816181183 90
1732085208112 0.41668590903282166 91
1732085554592 0.4310765862464905 92
1732085901121 0.4318494200706482 93
1732086247658 0.42818400263786316 94
1732086594495 0.42907723784446716 95
1732086941199 0.4400474429130554 96
1732087287917 0.4131348133087158 97
1732087634934 0.42174822092056274 98
1732087981675 0.42802098393440247 99
1732088328377 0.42062434554100037 100
1732088675070 0.42946866154670715 101
1732089021710 0.4201538562774658 102
1732089368426 0.41698792576789856 103
1732089715070 0.42545658349990845 104
1732090061990 0.4243553578853607 105
1732090408591 0.41574952006340027 106
1732090755156 0.4190894365310669 107
1732091101753 0.4221269190311432 108
1732091448333 0.40956082940101624 109
1732091794944 0.41330158710479736 110
1732092141531 0.4174726903438568 111
1732092488123 0.42074406147003174 112
1732092834797 0.4101422429084778 113
1732093181487 0.4226568341255188 114
1732093528143 0.41384029388427734 115
1732093874821 0.4171869158744812 116
1732094221507 0.414755254983902 117
1732094568076 0.4223521649837494 118
1732094914671 0.4107528030872345 119
1732095261188 0.4310775697231293 120
1732095607777 0.4129108786582947 121
1732095954369 0.4164199233055115 122
1732096300857 0.41418859362602234 123
1732096647281 0.4175008237361908 124
1732096993777 0.40786901116371155 125
1732097340128 0.4167290925979614 126
1732097686583 0.40356311202049255 127
1732098033067 0.40299761295318604 128
1732098379477 0.40436673164367676 129
1732098726281 0.41263672709465027 130
1732099072723 0.4088236093521118 131
1732099419239 0.4021848440170288 132
1732099765707 0.40749698877334595 133
1732100112271 0.41905683279037476 134
1732100458779 0.41308125853538513 135
1732100805202 0.4057251513004303 136
1732101151742 0.4126434326171875 137
1732101498324 0.40639230608940125 138
1732101844904 0.41772106289863586 139
1732102191492 0.4087139964103699 140
1732102538124 0.4031848907470703 141
1732102884680 0.41030147671699524 142
1732103231225 0.414307564496994 143
1732103577629 0.41568297147750854 144
1732103923983 0.41334068775177 145
1732104270738 0.40251782536506653 146
1732104617051 0.4026761054992676 147
1732104963511 0.39826154708862305 148
1732105309963 0.4066014289855957 149
1732105656483 0.40901806950569153 150
1732106002845 0.410861074924469 151
1732106349180 0.40722036361694336 152
1732106695899 0.39967823028564453 153
1732107042268 0.40529507398605347 154
1732107388742 0.40827471017837524 155
1732107735143 0.4113822877407074 156
1732108081628 0.40281111001968384 157
1732108428112 0.4025280773639679 158
1732108775499 0.4059891402721405 159
1732109123907 0.40631696581840515 160
1732109471043 0.40324270725250244 161
1732109816623 0.40731531381607056 162
1732110162103 0.4026103913784027 163
1732110511647 0.39807841181755066 164
1732110862221 0.40671175718307495 165
1732111209112 0.40041157603263855 166
1732111555963 0.3913152813911438 167
1732111902864 0.3963854908943176 168
1732112249882 0.39731818437576294 169
1732112596742 0.4045942425727844 170
1732112943526 0.3918338119983673 171
1732113290376 0.40937167406082153 172
1732113637317 0.4142650067806244 173
1732113984160 0.40304073691368103 174
1732114331127 0.4049175977706909 175
1732114678201 0.39321407675743103 176
1732115025285 0.39203470945358276 177
1732115372419 0.3932095170021057 178
1732115719587 0.3925136625766754 179
1732116066798 0.412067711353302 180
1732116413781 0.4023323059082031 181
1732116761039 0.4035889804363251 182
1732117108306 0.3934495151042938 183
1732117455574 0.3930758535861969 184
1732117803319 0.3882048726081848 185
1732118151012 0.394275426864624 186
