1731449819174 0.5013750195503235 0
1731450211106 0.5011666417121887 1
1731450602279 0.5007916688919067 2
1731450993256 0.5020833611488342 3
1731451384290 0.5047916769981384 4
1731451775276 0.5037916898727417 5
1731452165740 0.4936249852180481 6
1731452556552 0.5085416436195374 7
1731452950268 0.5257916450500488 8
1731453340958 0.5464166402816772 9
1731453734978 0.5728750228881836 10
1731454126313 0.5816666483879089 11
1731454520126 0.5874166488647461 12
1731454916022 0.6051250100135803 13
1731455315448 0.609125018119812 14
1731455715051 0.6186666488647461 15
1731456108702 0.6273333430290222 16
1731456502466 0.6335416436195374 17
1731456895142 0.6341249942779541 18
1731457287246 0.6355416774749756 19
1731457678736 0.6459583044052124 20
1731458070597 0.6434999704360962 21
1731458461823 0.653041660785675 22
1731458853492 0.65645831823349 23
1731459245412 0.6597499847412109 24
1731459636950 0.6602916717529297 25
1731460028493 0.6725833415985107 26
1731460419597 0.6756250262260437 27
1731460810792 0.6746666431427002 28
1731461202337 0.6775416731834412 29
1731461593498 0.6899166703224182 30
1731461985920 0.6895416378974915 31
1731462377660 0.6992083191871643 32
1731462769238 0.6955000162124634 33
1731463160788 0.702875018119812 34
1731463552287 0.7108333110809326 35
1731463944192 0.7142083048820496 36
1731464335619 0.7170000076293945 37
1731464725776 0.7275833487510681 38
1731465116178 0.7332916855812073 39
1731465506613 0.7334583401679993 40
1731465904665 0.7393333315849304 41
1731466297303 0.7459166646003723 42
1731466686662 0.7482916712760925 43
1731467076193 0.753125011920929 44
1731467466018 0.749708354473114 45
1731467856510 0.7673333287239075 46
1731468247775 0.7677916884422302 47
1731468639482 0.7702916860580444 48
1731469032169 0.7712500095367432 49
1731469427216 0.7769583463668823 50
1731469821426 0.7829999923706055 51
1731470214584 0.7830416560173035 52
1731470606712 0.784416675567627 53
1731470996963 0.7739999890327454 54
1731471387534 0.7878749966621399 55
1731471778969 0.7857916951179504 56
1731472170849 0.7768750190734863 57
1731472563190 0.7935000061988831 58
1731472953155 0.7908333539962769 59
1731473343141 0.7952499985694885 60
1731473733281 0.8050416707992554 61
1731474123860 0.7944999933242798 62
1731474513583 0.7976666688919067 63
1731474904251 0.8040416836738586 64
1731475294368 0.8079583048820496 65
1731475684283 0.8103333115577698 66
1731476074660 0.8052083253860474 67
1731476464486 0.8042916655540466 68
1731476855154 0.8118333220481873 69
1731477245527 0.8223749995231628 70
1731477635609 0.8109166622161865 71
1731478026649 0.8208333253860474 72
1731478416666 0.8168333172798157 73
1731478806823 0.8118749856948853 74
1731479196764 0.8255000114440918 75
1731479588290 0.8269583582878113 76
1731479979828 0.8273333311080933 77
1731480371801 0.8308749794960022 78
1731480761707 0.8240416646003723 79
1731481151882 0.8342499732971191 80
1731481542084 0.828125 81
1731481931681 0.8339583277702332 82
