1731449819174 0.9278239011764526 0
1731450211106 0.9108346104621887 1
1731450602279 0.8981184959411621 2
1731450993256 0.8860408663749695 3
1731451384290 0.8746147751808167 4
1731451775276 0.8640713691711426 5
1731452165740 0.8547734618186951 6
1731452556552 0.8445091843605042 7
1731452950268 0.8343300223350525 8
1731453340958 0.8198596239089966 9
1731453734978 0.8020935654640198 10
1731454126313 0.78688645362854 11
1731454520126 0.7758172154426575 12
1731454916022 0.7541733980178833 13
1731455315448 0.7465646862983704 14
1731455715051 0.7336289882659912 15
1731456108702 0.7168456315994263 16
1731456502466 0.7066085338592529 17
1731456895142 0.7028491497039795 18
1731457287246 0.6931220889091492 19
1731457678736 0.6817096471786499 20
1731458070597 0.6782211661338806 21
1731458461823 0.6666848659515381 22
1731458853492 0.6608679890632629 23
1731459245412 0.6533398628234863 24
1731459636950 0.6539804935455322 25
1731460028493 0.6389110684394836 26
1731460419597 0.6343117952346802 27
1731460810792 0.6282656192779541 28
1731461202337 0.6244015097618103 29
1731461593498 0.6125587224960327 30
1731461985920 0.607104480266571 31
1731462377660 0.6006279587745667 32
1731462769238 0.5972066521644592 33
1731463160788 0.5877957940101624 34
1731463552287 0.5851293802261353 35
1731463944192 0.5774573683738708 36
1731464335619 0.5743795037269592 37
1731464725776 0.5596787333488464 38
1731465116178 0.5571500062942505 39
1731465506613 0.5578329563140869 40
1731465904665 0.5468932390213013 41
1731466297303 0.5420554280281067 42
1731466686662 0.5379682779312134 43
1731467076193 0.5330617427825928 44
1731467466018 0.5292136669158936 45
1731467856510 0.508845865726471 46
1731468247775 0.5074827671051025 47
1731468639482 0.5043189525604248 48
1731469032169 0.501990020275116 49
1731469427216 0.49807295203208923 50
1731469821426 0.48956289887428284 51
1731470214584 0.4843061566352844 52
1731470606712 0.4906926155090332 53
1731470996963 0.5227170586585999 54
1731471387534 0.48219239711761475 55
1731471778969 0.4841013550758362 56
1731472170849 0.49990689754486084 57
1731472563190 0.4772990047931671 58
1731472953155 0.49265119433403015 59
1731473343141 0.47027891874313354 60
1731473733281 0.4597594439983368 61
1731474123860 0.4756830930709839 62
1731474513583 0.4701976776123047 63
1731474904251 0.46257150173187256 64
1731475294368 0.4589666724205017 65
1731475684283 0.449808269739151 66
1731476074660 0.45939189195632935 67
1731476464486 0.4608953893184662 68
1731476855154 0.4474121630191803 69
1731477245527 0.44620397686958313 70
1731477635609 0.4546729028224945 71
1731478026649 0.43994131684303284 72
1731478416666 0.4413357675075531 73
1731478806823 0.44305962324142456 74
1731479196764 0.4338102340698242 75
1731479588290 0.4382299482822418 76
1731479979828 0.43610119819641113 77
1731480371801 0.43245556950569153 78
1731480761707 0.43574410676956177 79
1731481151882 0.4245631992816925 80
1731481542084 0.4344080686569214 81
1731481931681 0.42803868651390076 82
