1732490822514 0.4958333373069763 0
1732491229832 0.4988333284854889 1
1732491638173 0.5051666498184204 2
1732492045457 0.49533334374427795 3
1732492453286 0.49549999833106995 4
1732492861132 0.4919166564941406 5
1732493268844 0.5105000138282776 6
1732493675920 0.5266666412353516 7
1732494083800 0.5578333139419556 8
1732494490993 0.5759166479110718 9
1732494897645 0.5893333554267883 10
1732495305832 0.5995000004768372 11
1732495713176 0.6028333306312561 12
1732496119961 0.6088333129882812 13
1732496527288 0.6192499995231628 14
1732496933795 0.6194166541099548 15
1732497340828 0.6244166493415833 16
1732497747078 0.6313333511352539 17
1732498153425 0.6348333358764648 18
1732498559006 0.6397500038146973 19
1732498965497 0.6410833597183228 20
1732499372311 0.6349999904632568 21
1732499778735 0.6400833129882812 22
1732500185922 0.6399166584014893 23
1732500592502 0.659500002861023 24
1732501001863 0.6569166779518127 25
1732501408478 0.6535000205039978 26
1732501815219 0.6535000205039978 27
1732502221292 0.6539999842643738 28
1732502627524 0.6606666445732117 29
1732503032817 0.6692500114440918 30
1732503436047 0.668749988079071 31
1732503839420 0.6769166588783264 32
1732504244271 0.671500027179718 33
1732504648577 0.6806666851043701 34
1732505052903 0.6823333501815796 35
1732505457036 0.6875 36
1732505861520 0.6888333559036255 37
1732506266026 0.6900833249092102 38
1732506670576 0.6975833177566528 39
1732507074926 0.706166684627533 40
1732507480156 0.7099999785423279 41
1732507884789 0.7080000042915344 42
1732508289747 0.7215833067893982 43
1732508694181 0.7167500257492065 44
1732509098680 0.7228333353996277 45
1732509503274 0.7310000061988831 46
1732509907514 0.7379999756813049 47
1732510311974 0.7377499938011169 48
1732510715778 0.7438333630561829 49
1732511120462 0.7453333139419556 50
1732511524811 0.7519999742507935 51
1732511929512 0.7554166913032532 52
1732512334090 0.7541666626930237 53
1732512739643 0.7651666402816772 54
1732513144601 0.7613333463668823 55
1732513550850 0.7689999938011169 56
1732513956133 0.765500009059906 57
1732514361981 0.7724999785423279 58
1732514767274 0.7745833396911621 59
1732515172475 0.780916690826416 60
1732515577996 0.7795000076293945 61
1732515983766 0.7865833044052124 62
1732516389373 0.7785833477973938 63
1732516794671 0.7859166860580444 64
1732517199876 0.7860000133514404 65
1732517605158 0.7925833463668823 66
1732518010265 0.7885000109672546 67
1732518415922 0.7897499799728394 68
1732518820941 0.8011666536331177 69
1732519226287 0.8029166460037231 70
1732519633217 0.8009999990463257 71
1732520040517 0.7956666946411133 72
1732520447410 0.8063333630561829 73
1732520854178 0.8059166669845581 74
1732521260611 0.8097500205039978 75
1732521667410 0.8059999942779541 76
1732522074174 0.8139166831970215 77
1732522481055 0.812833309173584 78
1732522887834 0.8113333582878113 79
1732523295207 0.8147500157356262 80
1732523701917 0.8111666440963745 81
1732524108382 0.8166666626930237 82
1732524515124 0.8176666498184204 83
1732524921580 0.8116666674613953 84
1732525328253 0.8118333220481873 85
1732525734909 0.8145833611488342 86
1732526141624 0.8190833330154419 87
1732526546980 0.8174166679382324 88
1732526952229 0.8215833306312561 89
1732527357895 0.8224166631698608 90
1732527763226 0.8292499780654907 91
1732528168891 0.8169166445732117 92
1732528574432 0.8209166526794434 93
1732528979895 0.8240833282470703 94
1732529385465 0.8240833282470703 95
1732529790905 0.8369166851043701 96
1732530196490 0.824999988079071 97
1732530601884 0.8314999938011169 98
1732531007412 0.8291666507720947 99
1732531413358 0.8349999785423279 100
1732531818902 0.82791668176651 101
1732532224272 0.8379999995231628 102
1732532629872 0.8294166922569275 103
1732533035298 0.8345000147819519 104
1732533440868 0.8352500200271606 105
1732533846266 0.8336666822433472 106
1732534251624 0.8386666774749756 107
1732534657243 0.8341666460037231 108
1732535062574 0.8398333191871643 109
1732535468166 0.8379166722297668 110
1732535873466 0.8390833139419556 111
1732536278997 0.8354166746139526 112
1732536684371 0.8374999761581421 113
1732537090046 0.8395833373069763 114
1732537495964 0.8343333601951599 115
1732537901595 0.8394166827201843 116
1732538307152 0.8371666669845581 117
1732538712541 0.8401666879653931 118
1732539118148 0.8413333296775818 119
1732539523487 0.8445000052452087 120
1732539929077 0.8420833349227905 121
1732540334399 0.843416690826416 122
1732540741286 0.846916675567627 123
1732541149636 0.8430833220481873 124
1732541558426 0.8424999713897705 125
1732541963858 0.8486666679382324 126
1732542369554 0.84375 127
1732542774960 0.8479166626930237 128
1732543180565 0.8429166674613953 129
1732543586148 0.8489166498184204 130
1732543991994 0.8480833172798157 131
1732544397600 0.8534166812896729 132
1732544803489 0.8487499952316284 133
1732545209222 0.84375 134
1732545615219 0.8482499718666077 135
1732546020891 0.8475000262260437 136
1732546426673 0.8492500185966492 137
1732546832731 0.8519999980926514 138
1732547238604 0.8510833382606506 139
1732547644812 0.8509166836738586 140
1732548050742 0.8529166579246521 141
1732548457077 0.8512499928474426 142
1732548863091 0.8514166474342346 143
1732549269492 0.856333315372467 144
1732549675707 0.8565000295639038 145
1732550082131 0.85916668176651 146
1732550488819 0.8525833487510681 147
1732550895376 0.8496666550636292 148
1732551301021 0.8523333072662354 149
1732551707613 0.8619999885559082 150
1732552114165 0.8583333492279053 151
1732552520741 0.8525833487510681 152
1732552927456 0.8522499799728394 153
1732553334165 0.8576666712760925 154
1732553741142 0.8643333315849304 155
1732554148647 0.8554166555404663 156
1732554556466 0.8530833125114441 157
1732554964128 0.856249988079071 158
1732555371769 0.85916668176651 159
1732555779730 0.8587499856948853 160
1732556187459 0.8598333597183228 161
1732556595556 0.8575833439826965 162
1732557003443 0.8584166765213013 163
1732557411500 0.8551666736602783 164
1732557819536 0.8518333435058594 165
1732558227181 0.8611666560173035 166
1732558635195 0.8543333411216736 167
1732559043051 0.8456666469573975 168
1732559450964 0.8571666479110718 169
1732559858732 0.859083354473114 170
1732560266796 0.8610833287239075 171
1732560674720 0.859749972820282 172
1732561082665 0.8601666688919067 173
1732561490728 0.862416684627533 174
1732561898497 0.8614166378974915 175
1732562306510 0.8598333597183228 176
1732562714406 0.8599166870117188 177
1732563122687 0.8633333444595337 178
1732563530784 0.8639166951179504 179
1732563939041 0.8634166717529297 180
1732564347161 0.8634999990463257 181
1732564755575 0.8610833287239075 182
1732565163739 0.8633333444595337 183
1732565571869 0.8606666922569275 184
1732565980093 0.859666645526886 185
1732566388297 0.8630833625793457 186
1732566796544 0.8631666898727417 187
1732567204550 0.8633333444595337 188
1732567612730 0.8665833473205566 189
1732568020834 0.8585833311080933 190
1732568429174 0.8621666431427002 191
1732568837378 0.8659166693687439 192
1732569245886 0.8635833263397217 193
1732569656381 0.8649166822433472 194
1732570066401 0.8665000200271606 195
1732570476231 0.8725000023841858 196
1732570886006 0.8682500123977661 197
1732571295708 0.8659166693687439 198
1732571705059 0.8663333058357239 199
1732572114878 0.8650833368301392 200
1732572523895 0.8721666932106018 201
1732572933842 0.8644166588783264 202
1732573344303 0.8703333139419556 203
1732573753637 0.8669166564941406 204
1732574162914 0.8666666746139526 205
1732574572566 0.8665000200271606 206
1732574981204 0.8654999732971191 207
1732575391786 0.8691666722297668 208
1732575800324 0.8698333501815796 209
1732576209709 0.8700000047683716 210
1732576619812 0.8696666955947876 211
1732577028979 0.8670833110809326 212
1732577437962 0.8705000281333923 213
1732577847195 0.8773333430290222 214
1732578255844 0.8660833239555359 215
1732578666332 0.8685833215713501 216
1732579075327 0.8730833530426025 217
1732579484461 0.8778333067893982 218
1732579893320 0.8734999895095825 219
1732580302465 0.8705000281333923 220
1732580711680 0.8723333477973938 221
1732581121753 0.8648333549499512 222
1732581531382 0.8726666569709778 223
1732581940675 0.8650000095367432 224
1732582349798 0.8755833506584167 225
1732582758126 0.874833345413208 226
1732583166867 0.8699166774749756 227
1732583576045 0.8694999814033508 228
1732583985301 0.871999979019165 229
1732584394063 0.8667500019073486 230
1732584803393 0.8734166622161865 231
1732585212254 0.8705000281333923 232
1732585621196 0.8723333477973938 233
1732586030098 0.871749997138977 234
1732586438518 0.8671666383743286 235
1732586846721 0.8771666884422302 236
1732587256284 0.8705833554267883 237
1732587665104 0.8693333268165588 238
1732588073220 0.8710833191871643 239
1732588481117 0.8763333559036255 240
1732588890068 0.878000020980835 241
1732589298525 0.8686666488647461 242
1732589706605 0.8713333606719971 243
1732590115107 0.8649166822433472 244
1732590522633 0.8731666803359985 245
1732590931054 0.8733333349227905 246
1732591338411 0.875 247
1732591746543 0.8734999895095825 248
1732592155019 0.8683333396911621 249
1732592562742 0.8771666884422302 250
1732592970330 0.8771666884422302 251
1732593377902 0.878333330154419 252
1732593785573 0.8759166598320007 253
1732594193310 0.8777499794960022 254
1732594601610 0.8762500286102295 255
1732595008560 0.8807500004768372 256
1732595416431 0.8792499899864197 257
1732595824875 0.8789166808128357 258
1732596231992 0.8768333196640015 259
1732596639470 0.8735833168029785 260
1732597047312 0.8790833353996277 261
1732597454822 0.8825833201408386 262
1732597861476 0.8809166550636292 263
1732598268909 0.878083348274231 264
1732598676235 0.8730833530426025 265
1732599083590 0.8809999823570251 266
1732599492444 0.874916672706604 267
1732599899608 0.8805833458900452 268
1732600307451 0.8840000033378601 269
1732600714688 0.8814166784286499 270
1732601121428 0.8793333172798157 271
1732601529919 0.8761666417121887 272
1732601936731 0.8697500228881836 273
1732602344630 0.875333309173584 274
1732602751458 0.8807500004768372 275
1732603158380 0.874916672706604 276
1732603565499 0.8828333616256714 277
1732603972689 0.8774166703224182 278
1732604380905 0.8826666474342346 279
1732604788810 0.8843333125114441 280
1732605196433 0.8784999847412109 281
1732605604840 0.8769166469573975 282
1732606011684 0.8850833177566528 283
1732606418528 0.8815833330154419 284
1732606826670 0.8774166703224182 285
1732607234450 0.8848333358764648 286
1732607641445 0.878250002861023 287
1732608049661 0.8824999928474426 288
1732608456878 0.8842499852180481 289
1732608864942 0.8774166703224182 290
1732609271645 0.8846666812896729 291
1732609678991 0.8790833353996277 292
1732610087145 0.8865000009536743 293
1732610494222 0.8833333253860474 294
1732610901109 0.8831666707992554 295
1732611307785 0.8830000162124634 296
1732611714651 0.8826666474342346 297
1732612121779 0.8795833587646484 298
1732612528916 0.8810833096504211 299
1732612936334 0.8776666522026062 300
1732613343479 0.8857499957084656 301
1732613751910 0.8840000033378601 302
1732614158680 0.8814166784286499 303
1732614567252 0.8885833621025085 304
1732614974289 0.8868333101272583 305
1732615381305 0.8826666474342346 306
1732615788967 0.8895833492279053 307
1732616197108 0.8840833306312561 308
1732616604292 0.8813333511352539 309
1732617011720 0.8847500085830688 310
1732617418930 0.8864166736602783 311
1732617826469 0.8786666393280029 312
1732618234834 0.8827499747276306 313
1732618642713 0.8845000267028809 314
1732619049305 0.8820833563804626 315
1732619456455 0.8870000243186951 316
1732619863541 0.8834999799728394 317
1732620270669 0.8799999952316284 318
1732620677745 0.8889166712760925 319
1732621085095 0.890583336353302 320
1732621491279 0.8835833072662354 321
1732621899349 0.887666642665863 322
1732622307429 0.8849999904632568 323
1732622715318 0.8895000219345093 324
1732623122528 0.8892499804496765 325
1732623530264 0.8869166374206543 326
1732623937541 0.8893333077430725 327
1732624345721 0.8824166655540466 328
1732624752614 0.8833333253860474 329
1732625160426 0.8774166703224182 330
1732625566977 0.8859166502952576 331
1732625974829 0.8829166889190674 332
1732626382468 0.8872500061988831 333
1732626790146 0.8816666603088379 334
1732627198199 0.8900833129882812 335
1732627609484 0.8868333101272583 336
1732628020290 0.8826666474342346 337
1732628427757 0.8851666450500488 338
1732628834827 0.8896666765213013 339
1732629242027 0.8888333439826965 340
1732629649602 0.890666663646698 341
1732630057645 0.8926666378974915 342
1732630464855 0.8864166736602783 343
1732630872657 0.8853333592414856 344
1732631279901 0.8844166398048401 345
1732631687407 0.8852499723434448 346
1732632095224 0.8901666402816772 347
1732632503398 0.8846666812896729 348
1732632911718 0.8929166793823242 349
1732633318928 0.8830000162124634 350
1732633726874 0.8843333125114441 351
1732634134352 0.8878333568572998 352
1732634542783 0.8916666507720947 353
1732634950478 0.8870000243186951 354
1732635358451 0.8865833282470703 355
1732635766414 0.8930000066757202 356
1732636174695 0.8860833048820496 357
1732636583042 0.887416660785675 358
1732636990904 0.890583336353302 359
1732637399810 0.8881666660308838 360
1732637808642 0.8896666765213013 361
1732638216699 0.8911666870117188 362
1732638625231 0.89083331823349 363
1732639033317 0.8896666765213013 364
1732639442133 0.8920000195503235 365
1732639850480 0.8898333311080933 366
1732640258871 0.8960833549499512 367
1732640668742 0.8866666555404663 368
1732641076677 0.8951666951179504 369
1732641485677 0.8930000066757202 370
1732641894242 0.8882499933242798 371
1732642303058 0.8952500224113464 372
1732642711499 0.8929166793823242 373
1732643119813 0.8892499804496765 374
1732643528201 0.8887500166893005 375
1732643937033 0.8895000219345093 376
1732644345682 0.8868333101272583 377
1732644754465 0.890749990940094 378
1732645163993 0.8839166760444641 379
1732645572986 0.8880000114440918 380
1732645982629 0.8916666507720947 381
1732646391310 0.8954166769981384 382
1732646800551 0.8960833549499512 383
1732647209266 0.8897500038146973 384
1732647618363 0.8945000171661377 385
1732648027290 0.8896666765213013 386
1732648436751 0.8880000114440918 387
1732648846192 0.8964166641235352 388
1732649255783 0.893916666507721 389
1732649665431 0.8955833315849304 390
1732650075989 0.8897500038146973 391
1732650485646 0.8888333439826965 392
1732650895681 0.8958333134651184 393
1732651305045 0.8940833210945129 394
1732651714826 0.8955833315849304 395
1732652124030 0.8962500095367432 396
1732652533256 0.8957499861717224 397
1732652943441 0.8984166383743286 398
1732653352280 0.8919166922569275 399
1732653389623 0.8387500047683716 0
