1732490822514 1.1006195545196533 0
1732491229832 0.967268168926239 1
1732491638173 0.9374078512191772 2
1732492045457 0.9190772175788879 3
1732492453286 0.9041374325752258 4
1732492861132 0.8908743262290955 5
1732493268844 0.878340482711792 6
1732493675920 0.8645696043968201 7
1732494083800 0.846488356590271 8
1732494490993 0.8300933241844177 9
1732494897645 0.8143883347511292 10
1732495305832 0.798664391040802 11
1732495713176 0.7840428948402405 12
1732496119961 0.7745993733406067 13
1732496527288 0.7562358975410461 14
1732496933795 0.7480870485305786 15
1732497340828 0.7417753338813782 16
1732497747078 0.727963387966156 17
1732498153425 0.7189221382141113 18
1732498559006 0.7126486897468567 19
1732498965497 0.6996665596961975 20
1732499372311 0.7034967541694641 21
1732499778735 0.6897006034851074 22
1732500185922 0.685445249080658 23
1732500592502 0.6755848526954651 24
1732501001863 0.6734269857406616 25
1732501408478 0.6716002821922302 26
1732501815219 0.6624322533607483 27
1732502221292 0.6578669548034668 28
1732502627524 0.6464253067970276 29
1732503032817 0.6399940848350525 30
1732503436047 0.6417365074157715 31
1732503839420 0.6301532983779907 32
1732504244271 0.6253520250320435 33
1732504648577 0.6129293441772461 34
1732505052903 0.6164044737815857 35
1732505457036 0.6044604778289795 36
1732505861520 0.6008970737457275 37
1732506266026 0.6001393795013428 38
1732506670576 0.5870482325553894 39
1732507074926 0.5792759656906128 40
1732507480156 0.5759083032608032 41
1732507884789 0.5715950727462769 42
1732508289747 0.5576311349868774 43
1732508694181 0.5607856512069702 44
1732509098680 0.5564193725585938 45
1732509503274 0.5492541790008545 46
1732509907514 0.5420063734054565 47
1732510311974 0.5414726734161377 48
1732510715778 0.5298853516578674 49
1732511120462 0.5315815806388855 50
1732511524811 0.5276265740394592 51
1732511929512 0.5149591565132141 52
1732512334090 0.5168819427490234 53
1732512739643 0.5111017823219299 54
1732513144601 0.5013493299484253 55
1732513550850 0.5027616620063782 56
1732513956133 0.4945327639579773 57
1732514361981 0.4964304268360138 58
1732514767274 0.48670971393585205 59
1732515172475 0.482343465089798 60
1732515577996 0.48392346501350403 61
1732515983766 0.475740522146225 62
1732516389373 0.48829251527786255 63
1732516794671 0.4703134298324585 64
1732517199876 0.4704524874687195 65
1732517605158 0.4748861789703369 66
1732518010265 0.46753087639808655 67
1732518415922 0.4732130169868469 68
1732518820941 0.46519607305526733 69
1732519226287 0.4569695293903351 70
1732519633217 0.45107364654541016 71
1732520040517 0.4650937020778656 72
1732520447410 0.4443337023258209 73
1732520854178 0.4528859555721283 74
1732521260611 0.44820719957351685 75
1732521667410 0.4524894654750824 76
1732522074174 0.4471322298049927 77
1732522481055 0.44390031695365906 78
1732522887834 0.43981054425239563 79
1732523295207 0.4422625005245209 80
1732523701917 0.4374852180480957 81
1732524108382 0.43613606691360474 82
1732524515124 0.4391009509563446 83
1732524921580 0.4446198344230652 84
1732525328253 0.44004690647125244 85
1732525734909 0.4453847110271454 86
1732526141624 0.43907982110977173 87
1732526546980 0.4359265863895416 88
1732526952229 0.42946338653564453 89
1732527357895 0.4386565387248993 90
1732527763226 0.42122042179107666 91
1732528168891 0.44606921076774597 92
1732528574432 0.4392583966255188 93
1732528979895 0.4389194846153259 94
1732529385465 0.43157121539115906 95
1732529790905 0.4232344627380371 96
1732530196490 0.4285426437854767 97
1732530601884 0.43091824650764465 98
1732531007412 0.42701974511146545 99
1732531413358 0.41962292790412903 100
1732531818902 0.4233718812465668 101
1732532224272 0.4214176833629608 102
1732532629872 0.425040602684021 103
1732533035298 0.4238053858280182 104
1732533440868 0.43214350938796997 105
1732533846266 0.426922082901001 106
1732534251624 0.4207184910774231 107
1732534657243 0.43171313405036926 108
1732535062574 0.4169872999191284 109
1732535468166 0.42615774273872375 110
1732535873466 0.4179455041885376 111
1732536278997 0.4211560785770416 112
1732536684371 0.42000505328178406 113
1732537090046 0.4187121093273163 114
1732537495964 0.4245625436306 115
1732537901595 0.4230448305606842 116
1732538307152 0.42125827074050903 117
1732538712541 0.41058552265167236 118
1732539118148 0.41694581508636475 119
1732539523487 0.42109426856040955 120
1732539929077 0.4166576862335205 121
1732540334399 0.41433584690093994 122
1732540741286 0.4121415615081787 123
1732541149636 0.4218476414680481 124
1732541558426 0.41701334714889526 125
1732541963858 0.41395464539527893 126
1732542369554 0.41705602407455444 127
1732542774960 0.41941696405410767 128
1732543180565 0.417197048664093 129
1732543586148 0.4111343324184418 130
1732543991994 0.408091276884079 131
1732544397600 0.405315637588501 132
1732544803489 0.41752293705940247 133
1732545209222 0.4184104800224304 134
1732545615219 0.410834401845932 135
1732546020891 0.4225870668888092 136
1732546426673 0.4149021804332733 137
1732546832731 0.4078004062175751 138
1732547238604 0.4161258935928345 139
1732547644812 0.4148452579975128 140
1732548050742 0.4077538251876831 141
1732548457077 0.41352546215057373 142
1732548863091 0.4165799617767334 143
1732549269492 0.4048733413219452 144
1732549675707 0.40489399433135986 145
1732550082131 0.40346139669418335 146
1732550488819 0.40713444352149963 147
1732550895376 0.4185067117214203 148
1732551301021 0.4096018075942993 149
1732551707613 0.4016990661621094 150
1732552114165 0.4048808217048645 151
1732552520741 0.4160429835319519 152
1732552927456 0.4107009172439575 153
1732553334165 0.41652336716651917 154
1732553741142 0.40225523710250854 155
1732554148647 0.41311877965927124 156
1732554556466 0.4128686487674713 157
1732554964128 0.41441527009010315 158
1732555371769 0.403294175863266 159
1732555779730 0.4049863815307617 160
1732556187459 0.40825870633125305 161
1732556595556 0.4101885259151459 162
1732557003443 0.4109761416912079 163
1732557411500 0.41010814905166626 164
1732557819536 0.4139227271080017 165
1732558227181 0.4043803811073303 166
1732558635195 0.4115579426288605 167
1732559043051 0.4331800043582916 168
1732559450964 0.4040052890777588 169
1732559858732 0.40893691778182983 170
1732560266796 0.4043077528476715 171
1732560674720 0.4144796133041382 172
1732561082665 0.4071235656738281 173
1732561490728 0.4090258777141571 174
1732561898497 0.4137462079524994 175
1732562306510 0.4105830192565918 176
1732562714406 0.4126594364643097 177
1732563122687 0.4014153778553009 178
1732563530784 0.40890824794769287 179
1732563939041 0.3999382257461548 180
1732564347161 0.40254634618759155 181
1732564755575 0.4141208231449127 182
1732565163739 0.40137845277786255 183
1732565571869 0.41278931498527527 184
1732565980093 0.4145722985267639 185
1732566388297 0.4020722210407257 186
1732566796544 0.410432904958725 187
1732567204550 0.41029688715934753 188
1732567612730 0.4062342047691345 189
1732568020834 0.4123789072036743 190
1732568429174 0.40985938906669617 191
1732568837378 0.3995417058467865 192
1732569245886 0.3970940411090851 193
1732569656381 0.4133279621601105 194
1732570066401 0.40061286091804504 195
1732570476231 0.38856202363967896 196
1732570886006 0.39582911133766174 197
1732571295708 0.40582606196403503 198
1732571705059 0.3983207941055298 199
1732572114878 0.40923595428466797 200
1732572523895 0.38824594020843506 201
1732572933842 0.4042836129665375 202
1732573344303 0.40510958433151245 203
1732573753637 0.40810418128967285 204
1732574162914 0.4056837558746338 205
1732574572566 0.41039928793907166 206
1732574981204 0.40891486406326294 207
1732575391786 0.40093424916267395 208
1732575800324 0.39327120780944824 209
1732576209709 0.39898681640625 210
1732576619812 0.3938402533531189 211
1732577028979 0.4067751169204712 212
1732577437962 0.4014047384262085 213
1732577847195 0.3892205059528351 214
1732578255844 0.4054628610610962 215
1732578666332 0.40855586528778076 216
1732579075327 0.3878260850906372 217
1732579484461 0.3941487669944763 218
1732579893320 0.3926977515220642 219
1732580302465 0.3953937292098999 220
1732580711680 0.3910471498966217 221
1732581121753 0.4077948331832886 222
1732581531382 0.3905864655971527 223
1732581940675 0.4071098268032074 224
1732582349798 0.393606960773468 225
1732582758126 0.39555880427360535 226
1732583166867 0.40708285570144653 227
1732583576045 0.40023747086524963 228
1732583985301 0.3967306315898895 229
1732584394063 0.4054352939128876 230
1732584803393 0.3927747309207916 231
1732585212254 0.396573930978775 232
1732585621196 0.39516139030456543 233
1732586030098 0.39799073338508606 234
1732586438518 0.4095892012119293 235
1732586846721 0.38661473989486694 236
1732587256284 0.40119799971580505 237
1732587665104 0.39954715967178345 238
1732588073220 0.40356576442718506 239
1732588481117 0.39299580454826355 240
1732588890068 0.3899872303009033 241
1732589298525 0.4056583642959595 242
1732589706605 0.40254658460617065 243
1732590115107 0.4123166501522064 244
1732590522633 0.400251179933548 245
1732590931054 0.39614787697792053 246
1732591338411 0.39953500032424927 247
1732591746543 0.402333527803421 248
1732592155019 0.411244660615921 249
1732592562742 0.3944728970527649 250
1732592970330 0.39444971084594727 251
1732593377902 0.40030962228775024 252
1732593785573 0.40464672446250916 253
1732594193310 0.39252129197120667 254
1732594601610 0.3929373323917389 255
1732595008560 0.3913561701774597 256
1732595416431 0.39231163263320923 257
1732595824875 0.3977613151073456 258
1732596231992 0.39607861638069153 259
1732596639470 0.3990775942802429 260
1732597047312 0.39273080229759216 261
1732597454822 0.3828933537006378 262
1732597861476 0.39000919461250305 263
1732598268909 0.40203335881233215 264
1732598676235 0.4086422920227051 265
1732599083590 0.3905433714389801 266
1732599492444 0.40011921525001526 267
1732599899608 0.3890266418457031 268
1732600307451 0.38733938336372375 269
1732600714688 0.39117252826690674 270
1732601121428 0.3963225483894348 271
1732601529919 0.39161986112594604 272
1732601936731 0.40977367758750916 273
1732602344630 0.39703983068466187 274
1732602751458 0.3928113281726837 275
1732603158380 0.3973756432533264 276
1732603565499 0.3920561969280243 277
1732603972689 0.39960741996765137 278
1732604380905 0.3886767029762268 279
1732604788810 0.387411892414093 280
1732605196433 0.3989236652851105 281
1732605604840 0.40118086338043213 282
1732606011684 0.3849213123321533 283
1732606418528 0.3908558785915375 284
1732606826670 0.3944902718067169 285
1732607234450 0.38226228952407837 286
1732607641445 0.39537519216537476 287
1732608049661 0.3894997537136078 288
1732608456878 0.3891337811946869 289
1732608864942 0.39343777298927307 290
1732609271645 0.38584062457084656 291
1732609678991 0.3930813670158386 292
1732610087145 0.38791853189468384 293
1732610494222 0.3867693543434143 294
1732610901109 0.3850201368331909 295
1732611307785 0.38555726408958435 296
1732611714651 0.39203691482543945 297
1732612121779 0.39058324694633484 298
1732612528916 0.39396247267723083 299
1732612936334 0.39402517676353455 300
1732613343479 0.3817230761051178 301
1732613751910 0.38844436407089233 302
1732614158680 0.389554888010025 303
1732614567252 0.3820793330669403 304
1732614974289 0.37942686676979065 305
1732615381305 0.39149096608161926 306
1732615788967 0.375841349363327 307
1732616197108 0.3861550986766815 308
1732616604292 0.3897135555744171 309
1732617011720 0.3850974440574646 310
1732617418930 0.38675302267074585 311
1732617826469 0.41178658604621887 312
1732618234834 0.39696821570396423 313
1732618642713 0.38948750495910645 314
1732619049305 0.39690274000167847 315
1732619456455 0.3836459219455719 316
1732619863541 0.3878120481967926 317
1732620270669 0.39697757363319397 318
1732620677745 0.3783673048019409 319
1732621085095 0.38739538192749023 320
1732621491279 0.3936327397823334 321
1732621899349 0.3839758634567261 322
1732622307429 0.3899836540222168 323
1732622715318 0.38145911693573 324
1732623122528 0.381132036447525 325
1732623530264 0.38936734199523926 326
1732623937541 0.37695348262786865 327
1732624345721 0.3923194110393524 328
1732624752614 0.3857469856739044 329
1732625160426 0.39698225259780884 330
1732625566977 0.3854077160358429 331
1732625974829 0.3921849727630615 332
1732626382468 0.38314104080200195 333
1732626790146 0.3965945243835449 334
1732627198199 0.380461186170578 335
1732627609484 0.3749343156814575 336
1732628020290 0.40201854705810547 337
1732628427757 0.39580851793289185 338
1732628834827 0.3784094750881195 339
1732629242027 0.3798738718032837 340
1732629649602 0.37301042675971985 341
1732630057645 0.37574753165245056 342
1732630464855 0.3824378550052643 343
1732630872657 0.38334736227989197 344
1732631279901 0.38815873861312866 345
1732631687407 0.38550686836242676 346
1732632095224 0.38306763768196106 347
1732632503398 0.393370121717453 348
1732632911718 0.37701401114463806 349
1732633318928 0.39324524998664856 350
1732633726874 0.39173197746276855 351
1732634134352 0.38343000411987305 352
1732634542783 0.37537336349487305 353
1732634950478 0.3897084891796112 354
1732635358451 0.3858185112476349 355
1732635766414 0.37634721398353577 356
1732636174695 0.3929404616355896 357
1732636583042 0.3879671096801758 358
1732636990904 0.3851093649864197 359
1732637399810 0.3814842402935028 360
1732637808642 0.38698992133140564 361
1732638216699 0.3825659453868866 362
1732638625231 0.37657129764556885 363
1732639033317 0.3818874955177307 364
1732639442133 0.3803540766239166 365
1732639850480 0.3876877725124359 366
1732640258871 0.37544795870780945 367
1732640668742 0.392059326171875 368
1732641076677 0.37411442399024963 369
1732641485677 0.37538838386535645 370
1732641894242 0.3883289396762848 371
1732642303058 0.37226492166519165 372
1732642711499 0.3785752058029175 373
1732643119813 0.38013482093811035 374
1732643528201 0.3854706287384033 375
1732643937033 0.383236289024353 376
1732644345682 0.3918271064758301 377
1732644754465 0.3785439133644104 378
1732645163993 0.4023115932941437 379
1732645572986 0.385843425989151 380
1732645982629 0.3828745186328888 381
1732646391310 0.3804948329925537 382
1732646800551 0.3812292516231537 383
1732647209266 0.388783723115921 384
1732647618363 0.3792729079723358 385
1732648027290 0.38373133540153503 386
1732648436751 0.3869011104106903 387
1732648846192 0.3726882040500641 388
1732649255783 0.3803514838218689 389
1732649665431 0.3785751163959503 390
1732650075989 0.3937433362007141 391
1732650485646 0.3910190165042877 392
1732650895681 0.38024070858955383 393
1732651305045 0.3755268156528473 394
1732651714826 0.3838233947753906 395
1732652124030 0.376036673784256 396
1732652533256 0.38233983516693115 397
1732652943441 0.3722429871559143 398
1732653352280 0.38549673557281494 399
1732653389623 0.5604448318481445 0
