1734922562934 0.5004166960716248 0
1734922985459 0.5009166598320007 1
1734923406430 0.5335833430290222 2
1734923826365 0.5600000023841858 3
1734924246748 0.5870000123977661 4
1734924666557 0.596666693687439 5
1734925086447 0.6082500219345093 6
1734925506866 0.6255833506584167 7
1734925926657 0.6343333125114441 8
1734926346478 0.6352499723434448 9
1734926766477 0.6449999809265137 10
1734927186547 0.6446666717529297 11
1734927606753 0.6426666378974915 12
1734928026711 0.653166651725769 13
1734928446967 0.655916690826416 14
1734928866981 0.6596666574478149 15
1734929286974 0.6620833277702332 16
1734929706826 0.6584166884422302 17
1734930127017 0.6619166731834412 18
1734930547064 0.6676666736602783 19
1734930966980 0.6670833230018616 20
1734931386925 0.6669999957084656 21
1734931806758 0.6619166731834412 22
1734932226507 0.6696666479110718 23
1734932646560 0.6669999957084656 24
1734933066733 0.6675833463668823 25
1734933486595 0.6695833206176758 26
1734933906448 0.6739166378974915 27
1734934326456 0.6698333621025085 28
1734934746137 0.6788333058357239 29
1734935165967 0.6778333187103271 30
1734935586248 0.6767500042915344 31
1734936006477 0.6836666464805603 32
1734936426425 0.6840833425521851 33
1734936846258 0.6861666440963745 34
1734937266066 0.6786666512489319 35
1734937685926 0.6821666955947876 36
1734938105794 0.6860833168029785 37
1734938525693 0.687666654586792 38
1734938945647 0.690416693687439 39
1734939365425 0.6776666641235352 40
1734939785286 0.6960833072662354 41
1734940205221 0.6915000081062317 42
1734940625079 0.6975833177566528 43
1734941044996 0.6947500109672546 44
1734941464808 0.6947500109672546 45
1734941884574 0.7008333206176758 46
1734942304421 0.6954166889190674 47
1734942724163 0.6975833177566528 48
1734943143950 0.7005833387374878 49
1734943563691 0.700166642665863 50
1734943983327 0.6965833306312561 51
1734944403297 0.706083357334137 52
1734944823326 0.7017499804496765 53
1734945243171 0.7040833234786987 54
1734945662909 0.7051666378974915 55
1734946082752 0.7120833396911621 56
1734946502617 0.7093333601951599 57
1734946922609 0.7100833058357239 58
1734947342358 0.6959999799728394 59
1734947762007 0.7125833630561829 60
1734948181788 0.7120000123977661 61
1734948601582 0.7057499885559082 62
1734949021334 0.7129166722297668 63
1734949441155 0.7124166488647461 64
1734949861078 0.7200000286102295 65
1734950280966 0.7213333249092102 66
1734950700763 0.718583345413208 67
1734951120840 0.7172499895095825 68
1734951540594 0.7272499799728394 69
1734951960656 0.7276666760444641 70
1734952380727 0.7224166393280029 71
1734952800476 0.7353333234786987 72
1734953220680 0.7289999723434448 73
1734953640597 0.7289166450500488 74
1734954060358 0.7393333315849304 75
1734954479916 0.734083354473114 76
1734954899653 0.7323333621025085 77
1734955319436 0.7396666407585144 78
1734955739203 0.7401666641235352 79
1734956159044 0.737583339214325 80
1734956579031 0.7445833086967468 81
1734956999038 0.7430833578109741 82
1734957419098 0.7436666488647461 83
1734957839051 0.7487499713897705 84
1734958258995 0.7534999847412109 85
1734958679266 0.749833345413208 86
1734959099164 0.75 87
1734959519007 0.7473333477973938 88
1734959938873 0.750083327293396 89
1734960358922 0.7495833039283752 90
1734960778770 0.7560833096504211 91
1734961198721 0.7604166865348816 92
1734961618785 0.7536666393280029 93
1734962038856 0.7670000195503235 94
1734962459125 0.7664999961853027 95
1734962879112 0.7646666765213013 96
1734963299340 0.7627500295639038 97
1734963719465 0.7664166688919067 98
1734964139590 0.7668333053588867 99
1734964559836 0.7670833468437195 100
1734964979929 0.762416660785675 101
1734965399906 0.7744166851043701 102
1734965820309 0.7720000147819519 103
1734966240500 0.7749999761581421 104
1734966660574 0.7714999914169312 105
1734967080738 0.7698333263397217 106
1734967501043 0.7769166827201843 107
1734967921441 0.7826666831970215 108
1734968341973 0.7773333191871643 109
1734968762247 0.7856666445732117 110
1734969182548 0.7835833430290222 111
1734969604297 0.7770833373069763 112
1734970022982 0.781499981880188 113
1734970441575 0.7835000157356262 114
1734970860444 0.7791666388511658 115
1734971281052 0.784500002861023 116
1734971701169 0.7894999980926514 117
1734972119862 0.7832499742507935 118
1734972538601 0.7919999957084656 119
1734972957422 0.793833315372467 120
1734973376863 0.7892500162124634 121
1734973797762 0.7894166707992554 122
1734974218253 0.7910833358764648 123
1734974639099 0.7950000166893005 124
1734975059841 0.7944999933242798 125
1734975480385 0.7940833568572998 126
1734975900948 0.796750009059906 127
1734976321495 0.796999990940094 128
1734976741995 0.7904166579246521 129
1734977162880 0.7978333234786987 130
1734977583562 0.8013333082199097 131
1734978004305 0.7992500066757202 132
1734978424987 0.7992500066757202 133
1734978845591 0.7980833053588867 134
1734979267244 0.8010833263397217 135
1734979690423 0.8040833473205566 136
1734980113524 0.8048333525657654 137
1734980536977 0.8032500147819519 138
1734980958149 0.8009166717529297 139
1734981378868 0.8016666769981384 140
1734981799773 0.8027499914169312 141
1734982220684 0.8063333630561829 142
1734982641718 0.8086666464805603 143
1734983062783 0.809583306312561 144
1734983483989 0.8148333430290222 145
1734983904914 0.8083333373069763 146
1734984325949 0.8077499866485596 147
1734984747016 0.809499979019165 148
1734985168070 0.8129166960716248 149
1734985589579 0.8079166412353516 150
1734986009721 0.8111666440963745 151
1734986429950 0.8101666569709778 152
1734986850089 0.8103333115577698 153
1734987270185 0.8173333406448364 154
1734987690265 0.8134999871253967 155
1734988113350 0.8112499713897705 156
1734988538347 0.8184999823570251 157
1734988962611 0.8136666417121887 158
1734989387024 0.8196666836738586 159
1734989811349 0.8175833225250244 160
1734990237345 0.8203333616256714 161
1734990662550 0.8166666626930237 162
1734991088056 0.8125 163
1734991514039 0.8115000128746033 164
1734991937194 0.8232499957084656 165
1734992357414 0.8224166631698608 166
1734992777606 0.8199166655540466 167
1734993197831 0.8295000195503235 168
1734993619482 0.8185833096504211 169
1734994041094 0.8273333311080933 170
1734994462557 0.8196666836738586 171
1734994883859 0.8263333439826965 172
1734995305243 0.8276666402816772 173
1734995726662 0.8240000009536743 174
1734996148130 0.8234999775886536 175
1734996569527 0.8233333230018616 176
1734996990955 0.8254166841506958 177
1734997412237 0.8329166769981384 178
1734997833506 0.8294166922569275 179
1734998254745 0.8295833468437195 180
1734998675964 0.82791668176651 181
1734999097147 0.8275833129882812 182
1734999518408 0.8257499933242798 183
1734999939626 0.8286666870117188 184
1735000360775 0.8259166479110718 185
1735000781981 0.8334166407585144 186
1735001203311 0.8274166584014893 187
1735001624557 0.831166684627533 188
1735002045749 0.828416645526886 189
1735002466920 0.8339999914169312 190
1735002888091 0.8305833339691162 191
1735003309271 0.8359166383743286 192
1735003730441 0.8381666541099548 193
1735004151556 0.8364166617393494 194
1735004572802 0.8294166922569275 195
1735004993991 0.8352500200271606 196
1735005415165 0.831250011920929 197
1735005836387 0.8325833082199097 198
1735006257546 0.8316666483879089 199
1735006678639 0.8343333601951599 200
1735007099675 0.8320000171661377 201
1735007520748 0.8319166898727417 202
1735007941923 0.8345833420753479 203
1735008363043 0.8402500152587891 204
1735008784213 0.8374999761581421 205
1735009205436 0.8330833315849304 206
1735009627367 0.8339999914169312 207
1735010047949 0.8424166440963745 208
1735010468437 0.8399999737739563 209
1735010889064 0.8392500281333923 210
1735011309541 0.8403333425521851 211
1735011730750 0.8396666646003723 212
1735012155853 0.8390833139419556 213
1735012580858 0.8379166722297668 214
1735013003932 0.8424999713897705 215
1735013424231 0.8395000100135803 216
1735013844974 0.8454166650772095 217
1735014265518 0.8409166932106018 218
1735014685967 0.844083309173584 219
1735015106453 0.843833327293396 220
1735015527206 0.8400833606719971 221
1735015947696 0.8403333425521851 222
1735016368149 0.8460000157356262 223
1735016788675 0.8463333249092102 224
1735017209148 0.8381666541099548 225
1735017629890 0.8429166674613953 226
1735018050299 0.847083330154419 227
1735018470592 0.8447499871253967 228
1735018891058 0.846916675567627 229
1735019311532 0.8420000076293945 230
1735019731865 0.8462499976158142 231
1735020152184 0.8487499952316284 232
1735020572581 0.8498333096504211 233
1735020993293 0.840749979019165 234
1735021413671 0.8463333249092102 235
1735021834105 0.846833348274231 236
1735022254557 0.8442500233650208 237
1735022675045 0.8556666374206543 238
1735023095600 0.8479999899864197 239
1735023516079 0.8454166650772095 240
1735023936425 0.8485000133514404 241
1735024356771 0.8533333539962769 242
1735024777196 0.8493333458900452 243
1735025197587 0.8454166650772095 244
1735025617984 0.8474166393280029 245
1735026038336 0.8488333225250244 246
1735026458871 0.8497499823570251 247
1735026879395 0.8534166812896729 248
1735027299813 0.8514999747276306 249
1735027720145 0.8538333177566528 250
1735028140605 0.8546666502952576 251
1735028560959 0.8484166860580444 252
1735028981465 0.8537499904632568 253
1735029401848 0.8556666374206543 254
1735029822175 0.8576666712760925 255
1735030242599 0.8477500081062317 256
1735030662884 0.856166660785675 257
1735031083339 0.8525833487510681 258
1735031503754 0.8526666760444641 259
1735031924045 0.8554166555404663 260
1735032344247 0.8569999933242798 261
1735032764477 0.8566666841506958 262
1735033184693 0.8524166941642761 263
1735033605094 0.8613333106040955 264
1735034025422 0.8539166450500488 265
1735034445666 0.8559166789054871 266
1735034865951 0.856416642665863 267
1735035286207 0.8534166812896729 268
1735035706652 0.8586666584014893 269
1735036126902 0.8543333411216736 270
1735036547175 0.8586666584014893 271
1735036967506 0.8553333282470703 272
1735037387733 0.8630833625793457 273
1735037808175 0.8603333234786987 274
1735038228371 0.8608333468437195 275
1735038648589 0.8567500114440918 276
1735039068912 0.8600833415985107 277
1735039489045 0.8620833158493042 278
1735039909176 0.8569999933242798 279
1735040329453 0.8622499704360962 280
1735040749702 0.8620833158493042 281
1735041169893 0.8583333492279053 282
1735041590184 0.8631666898727417 283
1735042010547 0.8583333492279053 284
1735042430760 0.8598333597183228 285
1735042850949 0.8635833263397217 286
1735043271267 0.85958331823349 287
1735043691831 0.8604999780654907 288
1735044112075 0.8566666841506958 289
1735044532434 0.8659999966621399 290
1735044952752 0.8631666898727417 291
1735045373009 0.8649166822433472 292
1735045793232 0.8566666841506958 293
1735046213415 0.8610833287239075 294
1735046633751 0.8632500171661377 295
1735047054089 0.8621666431427002 296
1735047474456 0.8641666769981384 297
1735047894865 0.8644999861717224 298
1735048315213 0.8669166564941406 299
1735048735569 0.8641666769981384 300
1735049155934 0.8675000071525574 301
1735049576772 0.8629166483879089 302
1735049996385 0.8660833239555359 303
1735050416331 0.8616666793823242 304
1735050836290 0.8629166483879089 305
1735051255939 0.8609166741371155 306
1735051676195 0.8664166927337646 307
1735052097111 0.8634166717529297 308
1735052518121 0.8643333315849304 309
1735052939198 0.8663333058357239 310
1735053360214 0.8611666560173035 311
1735053781597 0.8628333210945129 312
1735054202609 0.8661666512489319 313
1735054623571 0.8715000152587891 314
1735055044498 0.8665000200271606 315
1735055465383 0.8655833601951599 316
1735055886288 0.8684166669845581 317
1735056307289 0.8664166927337646 318
1735056728346 0.8665000200271606 319
1735057149384 0.862333357334137 320
1735057570508 0.8681666851043701 321
1735057991617 0.8660833239555359 322
1735058412822 0.8670833110809326 323
1735058833983 0.8673333525657654 324
1735059255470 0.8640833497047424 325
1735059676741 0.8681666851043701 326
1735060097898 0.8659999966621399 327
1735060519095 0.8703333139419556 328
1735060940313 0.8679166436195374 329
1735061361598 0.8710833191871643 330
1735061782876 0.8700833320617676 331
