1734922562934 0.7462570667266846 0
1734922985459 0.7418617606163025 1
1734923406430 0.7345449328422546 2
1734923826365 0.7206887006759644 3
1734924246748 0.7032808661460876 4
1734924666557 0.6885523796081543 5
1734925086447 0.679297685623169 6
1734925506866 0.6639025211334229 7
1734925926657 0.6554209589958191 8
1734926346478 0.649630069732666 9
1734926766477 0.6383044719696045 10
1734927186547 0.6402301788330078 11
1734927606753 0.635852575302124 12
1734928026711 0.6278041005134583 13
1734928446967 0.6223310828208923 14
1734928866981 0.6198824644088745 15
1734929286974 0.6140192747116089 16
1734929706826 0.6174724698066711 17
1734930127017 0.6133743524551392 18
1734930547064 0.6073352098464966 19
1734930966980 0.602437436580658 20
1734931386925 0.60102778673172 21
1734931806758 0.6020646691322327 22
1734932226507 0.5994300246238708 23
1734932646560 0.6043424606323242 24
1734933066733 0.5979337096214294 25
1734933486595 0.5938912630081177 26
1734933906448 0.5880243182182312 27
1734934326456 0.5930420756340027 28
1734934746137 0.5879809260368347 29
1734935165967 0.5817386507987976 30
1734935586248 0.5856397151947021 31
1734936006477 0.5842986702919006 32
1734936426425 0.5790488123893738 33
1734936846258 0.5771902203559875 34
1734937266066 0.5811837315559387 35
1734937685926 0.5762325525283813 36
1734938105794 0.5736499428749084 37
1734938525693 0.5731779336929321 38
1734938945647 0.5710037350654602 39
1734939365425 0.5793942809104919 40
1734939785286 0.56402587890625 41
1734940205221 0.5625447034835815 42
1734940625079 0.5620430707931519 43
1734941044996 0.5623813271522522 44
1734941464808 0.5619447231292725 45
1734941884574 0.5576948523521423 46
1734942304421 0.559519350528717 47
1734942724163 0.5567688941955566 48
1734943143950 0.5542460680007935 49
1734943563691 0.5535343289375305 50
1734943983327 0.552619993686676 51
1734944403297 0.5506121516227722 52
1734944823326 0.5526185035705566 53
1734945243171 0.5481197237968445 54
1734945662909 0.5487486720085144 55
1734946082752 0.5456752777099609 56
1734946502617 0.5484145283699036 57
1734946922609 0.5432809591293335 58
1734947342358 0.5474173426628113 59
1734947762007 0.5380951166152954 60
1734948181788 0.5373461842536926 61
1734948601582 0.5422914028167725 62
1734949021334 0.5353499054908752 63
1734949441155 0.5356462597846985 64
1734949861078 0.5372326374053955 65
1734950280966 0.5283640623092651 66
1734950700763 0.5334543585777283 67
1734951120840 0.5315121412277222 68
1734951540594 0.5296539068222046 69
1734951960656 0.5236019492149353 70
1734952380727 0.5226077437400818 71
1734952800476 0.5161489844322205 72
1734953220680 0.5208035111427307 73
1734953640597 0.520922839641571 74
1734954060358 0.5117865204811096 75
1734954479916 0.5149521827697754 76
1734954899653 0.513599693775177 77
1734955319436 0.5096638798713684 78
1734955739203 0.5087441802024841 79
1734956159044 0.5055040121078491 80
1734956579031 0.4966394305229187 81
1734956999038 0.5021545886993408 82
1734957419098 0.4990951418876648 83
1734957839051 0.4994107186794281 84
1734958258995 0.4903082549571991 85
1734958679266 0.49456533789634705 86
1734959099164 0.49516865611076355 87
1734959519007 0.4948550760746002 88
1734959938873 0.48971110582351685 89
1734960358922 0.4971635341644287 90
1734960778770 0.4894227385520935 91
1734961198721 0.4791380763053894 92
1734961618785 0.48340070247650146 93
1734962038856 0.47473564743995667 94
1734962459125 0.4752715229988098 95
1734962879112 0.47717639803886414 96
1734963299340 0.47282513976097107 97
1734963719465 0.472667396068573 98
1734964139590 0.46842652559280396 99
1734964559836 0.46975162625312805 100
1734964979929 0.4768367409706116 101
1734965399906 0.4622364044189453 102
1734965820309 0.46609237790107727 103
1734966240500 0.4645412564277649 104
1734966660574 0.46408820152282715 105
1734967080738 0.4654711186885834 106
1734967501043 0.4566347599029541 107
1734967921441 0.4536625146865845 108
1734968341973 0.4542665481567383 109
1734968762247 0.4528845250606537 110
1734969182548 0.4497300982475281 111
1734969604297 0.4559681713581085 112
1734970022982 0.44809260964393616 113
1734970441575 0.4546261727809906 114
1734970860444 0.4498421549797058 115
1734971281052 0.4512152075767517 116
1734971701169 0.446602463722229 117
1734972119862 0.44773194193840027 118
1734972538601 0.4467504024505615 119
1734972957422 0.43711599707603455 120
1734973376863 0.4412412643432617 121
1734973797762 0.44189348816871643 122
1734974218253 0.43971431255340576 123
1734974639099 0.4344281554222107 124
1734975059841 0.43654170632362366 125
1734975480385 0.4362667500972748 126
1734975900948 0.4329777956008911 127
1734976321495 0.4330997169017792 128
1734976741995 0.43963000178337097 129
1734977162880 0.42802298069000244 130
1734977583562 0.4292670786380768 131
1734978004305 0.43175920844078064 132
1734978424987 0.4278569221496582 133
1734978845591 0.42779943346977234 134
1734979267244 0.4291705787181854 135
1734979690423 0.4246697723865509 136
1734980113524 0.4240579307079315 137
1734980536977 0.41895997524261475 138
1734980958149 0.42235681414604187 139
1734981378868 0.4189746379852295 140
1734981799773 0.4265521764755249 141
1734982220684 0.4217207431793213 142
1734982641718 0.4228370487689972 143
1734983062783 0.41676583886146545 144
1734983483989 0.41375941038131714 145
1734983904914 0.412411093711853 146
1734984325949 0.4223358631134033 147
1734984747016 0.4187646210193634 148
1734985168070 0.41614535450935364 149
1734985589579 0.4148887097835541 150
1734986009721 0.4164610207080841 151
1734986429950 0.4144727289676666 152
1734986850089 0.413339763879776 153
1734987270185 0.40500375628471375 154
1734987690265 0.41511693596839905 155
1734988113350 0.41329988837242126 156
1734988538347 0.4075661897659302 157
1734988962611 0.4096147418022156 158
1734989387024 0.40754953026771545 159
1734989811349 0.40691128373146057 160
1734990237345 0.4026881158351898 161
1734990662550 0.40300700068473816 162
1734991088056 0.40638184547424316 163
1734991514039 0.40738147497177124 164
1734991937194 0.3972090780735016 165
1734992357414 0.40148279070854187 166
1734992777606 0.4005989730358124 167
1734993197831 0.3955286145210266 168
1734993619482 0.3996613323688507 169
1734994041094 0.39501717686653137 170
1734994462557 0.39923295378685 171
1734994883859 0.3965913951396942 172
1734995305243 0.3885652720928192 173
1734995726662 0.39675623178482056 174
1734996148130 0.3951434791088104 175
1734996569527 0.39514055848121643 176
1734996990955 0.3954007923603058 177
1734997412237 0.39022496342658997 178
1734997833506 0.39354291558265686 179
1734998254745 0.3875666856765747 180
1734998675964 0.39122313261032104 181
1734999097147 0.3914308547973633 182
1734999518408 0.3971027731895447 183
1734999939626 0.38722652196884155 184
1735000360775 0.3945014774799347 185
1735000781981 0.38954177498817444 186
1735001203311 0.3889111876487732 187
1735001624557 0.3900620937347412 188
1735002045749 0.38604655861854553 189
1735002466920 0.38605594635009766 190
1735002888091 0.38535037636756897 191
1735003309271 0.3821495473384857 192
1735003730441 0.3813565671443939 193
1735004151556 0.37707021832466125 194
1735004572802 0.3863172233104706 195
1735004993991 0.38801366090774536 196
1735005415165 0.38732296228408813 197
1735005836387 0.38270267844200134 198
1735006257546 0.38290002942085266 199
1735006678639 0.3816201686859131 200
1735007099675 0.38183292746543884 201
1735007520748 0.3868241012096405 202
1735007941923 0.3785249888896942 203
1735008363043 0.37280118465423584 204
1735008784213 0.3790850341320038 205
1735009205436 0.38113507628440857 206
1735009627367 0.3788698613643646 207
1735010047949 0.376291960477829 208
1735010468437 0.3740057349205017 209
1735010889064 0.3756028711795807 210
1735011309541 0.3715437352657318 211
1735011730750 0.37591907382011414 212
1735012155853 0.37592408061027527 213
1735012580858 0.380433589220047 214
1735013003932 0.36648479104042053 215
1735013424231 0.37661656737327576 216
1735013844974 0.36165276169776917 217
1735014265518 0.37418192625045776 218
1735014685967 0.3694882094860077 219
1735015106453 0.37170088291168213 220
1735015527206 0.37483951449394226 221
1735015947696 0.3734009563922882 222
1735016368149 0.3660048544406891 223
1735016788675 0.3665790259838104 224
1735017209148 0.37406912446022034 225
1735017629890 0.37111398577690125 226
1735018050299 0.36495423316955566 227
1735018470592 0.3681362569332123 228
1735018891058 0.3638455867767334 229
1735019311532 0.3665308356285095 230
1735019731865 0.3644482493400574 231
1735020152184 0.3631945848464966 232
1735020572581 0.3644017279148102 233
1735020993293 0.3755505681037903 234
1735021413671 0.37215209007263184 235
1735021834105 0.37002789974212646 236
1735022254557 0.3694595992565155 237
1735022675045 0.3591197431087494 238
1735023095600 0.36339616775512695 239
1735023516079 0.3684760630130768 240
1735023936425 0.36143001914024353 241
1735024356771 0.35998234152793884 242
1735024777196 0.36435380578041077 243
1735025197587 0.3601183295249939 244
1735025617984 0.37153637409210205 245
1735026038336 0.3602133095264435 246
1735026458871 0.3574739694595337 247
1735026879395 0.3567028045654297 248
1735027299813 0.3617299497127533 249
1735027720145 0.35684025287628174 250
1735028140605 0.35504427552223206 251
1735028560959 0.3633447289466858 252
1735028981465 0.35234692692756653 253
1735029401848 0.3528617024421692 254
1735029822175 0.35522836446762085 255
1735030242599 0.35856810212135315 256
1735030662884 0.35393819212913513 257
1735031083339 0.35950735211372375 258
1735031503754 0.3603767454624176 259
1735031924045 0.3481202721595764 260
1735032344247 0.35495975613594055 261
1735032764477 0.3552111089229584 262
1735033184693 0.35251855850219727 263
1735033605094 0.3472481369972229 264
1735034025422 0.3592776358127594 265
1735034445666 0.35440656542778015 266
1735034865951 0.35081055760383606 267
1735035286207 0.35670995712280273 268
1735035706652 0.34918704628944397 269
1735036126902 0.3557589054107666 270
1735036547175 0.3484301269054413 271
1735036967506 0.3526877760887146 272
1735037387733 0.34152913093566895 273
1735037808175 0.3475222587585449 274
1735038228371 0.3471572995185852 275
1735038648589 0.35059016942977905 276
1735039068912 0.34741073846817017 277
1735039489045 0.34627312421798706 278
1735039909176 0.3500271141529083 279
1735040329453 0.3520013689994812 280
1735040749702 0.34047845005989075 281
1735041169893 0.35098108649253845 282
1735041590184 0.34397244453430176 283
1735042010547 0.3530443012714386 284
1735042430760 0.35065019130706787 285
1735042850949 0.3462417721748352 286
1735043271267 0.3488600254058838 287
1735043691831 0.34734514355659485 288
1735044112075 0.3517356216907501 289
1735044532434 0.3439466953277588 290
1735044952752 0.34476935863494873 291
1735045373009 0.34381693601608276 292
1735045793232 0.3487248420715332 293
1735046213415 0.34150993824005127 294
1735046633751 0.34518498182296753 295
1735047054089 0.3425770699977875 296
1735047474456 0.34325605630874634 297
1735047894865 0.3392162621021271 298
1735048315213 0.3388284742832184 299
1735048735569 0.3478739857673645 300
1735049155934 0.34215015172958374 301
1735049576772 0.34889286756515503 302
1735049996385 0.3397163450717926 303
1735050416331 0.34437301754951477 304
1735050836290 0.3411632180213928 305
1735051255939 0.3433220088481903 306
1735051676195 0.34161925315856934 307
1735052097111 0.3430817723274231 308
1735052518121 0.34116196632385254 309
1735052939198 0.3380741477012634 310
1735053360214 0.34572306275367737 311
1735053781597 0.33982163667678833 312
1735054202609 0.33685991168022156 313
1735054623571 0.33619916439056396 314
1735055044498 0.3384772837162018 315
1735055465383 0.3362908661365509 316
1735055886288 0.33802762627601624 317
1735056307289 0.33711907267570496 318
1735056728346 0.3401568830013275 319
1735057149384 0.3468608856201172 320
1735057570508 0.335602730512619 321
1735057991617 0.3396995961666107 322
1735058412822 0.33931446075439453 323
1735058833983 0.33941328525543213 324
1735059255470 0.33969923853874207 325
1735059676741 0.33793044090270996 326
1735060097898 0.3405681848526001 327
1735060519095 0.3341715633869171 328
1735060940313 0.3380478620529175 329
1735061361598 0.3395586609840393 330
1735061782876 0.32886770367622375 331
