1732307958227 0.5042499899864197 0
1732308358302 0.5111666917800903 1
1732308766399 0.5174166560173035 2
1732309170210 0.5357499718666077 3
1732309571986 0.5477499961853027 4
1732309972559 0.5734999775886536 5
1732310373641 0.578416645526886 6
1732310774134 0.5973333120346069 7
1732311174604 0.609666645526886 8
1732311574772 0.6175833344459534 9
1732311975242 0.6297500133514404 10
1732312375890 0.6371666789054871 11
1732312776776 0.6323333382606506 12
1732313178959 0.637499988079071 13
1732313579924 0.6414166688919067 14
1732313980918 0.6394166946411133 15
1732314381705 0.6423333287239075 16
1732314783021 0.6521666646003723 17
1732315187810 0.656000018119812 18
