1732307958227 1.0354124307632446 0
1732308358302 0.9855776429176331 1
1732308766399 0.9510748982429504 2
1732309170210 0.9273370504379272 3
1732309571986 0.902724027633667 4
1732309972559 0.87923264503479 5
1732310373641 0.8605627417564392 6
1732310774134 0.8384383320808411 7
1732311174604 0.8191213607788086 8
1732311574772 0.7989687323570251 9
1732311975242 0.7825326919555664 10
1732312375890 0.7681544423103333 11
1732312776776 0.758154034614563 12
1732313178959 0.7438801527023315 13
1732313579924 0.7383238673210144 14
1732313980918 0.7214056849479675 15
1732314381705 0.7101227045059204 16
1732314783021 0.696073591709137 17
1732315187810 0.6879604458808899 18
