1731992796334 nan 0
1731993131596 nan 1
1731993467229 nan 2
1731993802889 nan 3
1731994138132 nan 4
1731994473933 nan 5
1731994808874 nan 6
1731995144229 nan 7
1731995478982 nan 8
1731995814735 nan 9
1731996149979 nan 10
1731996486295 nan 11
1731996822180 nan 12
1731997156926 nan 13
1731997492343 nan 14
1731997828739 nan 15
1731998163267 nan 16
1731998499129 nan 17
1731998834911 nan 18
1731999171477 nan 19
1731999506443 nan 20
1731999839826 nan 21
1732000174946 nan 22
1732000510813 nan 23
1732000845695 nan 24
1732001182022 nan 25
1732001517100 nan 26
1732001853016 nan 27
1732002188258 nan 28
1732002523187 nan 29
1732002858929 nan 30
1732003195146 nan 31
1732003530142 nan 32
1732003865911 nan 33
1732004201317 nan 34
1732004537717 nan 35
1732004872819 nan 36
1732005207022 nan 37
1732005542532 nan 38
1732005876954 nan 39
1732006212379 nan 40
1732006547525 nan 41
1732006884479 nan 42
1732007219497 nan 43
1732007554660 nan 44
1732007890282 nan 45
1732008226343 nan 46
1732008561764 nan 47
1732008896528 nan 48
1732009232694 nan 49
1732009568339 nan 50
1732009904806 nan 51
1732010239802 nan 52
1732010574419 nan 53
1732010909771 nan 54
1732011245162 nan 55
1732011581189 nan 56
1732011915599 nan 57
1732012251335 nan 58
1732012587024 nan 59
1732012923366 nan 60
1732013257581 nan 61
1732013592749 nan 62
1732013926671 nan 63
1732014262150 nan 64
1732014598543 nan 65
1732014933287 nan 66
1732015268620 nan 67
1732015604819 nan 68
1732015939388 nan 69
1732016275476 nan 70
1732016610951 nan 71
1732016946606 nan 72
1732017282352 nan 73
1732017618275 nan 74
1732017952324 nan 75
1732018288233 nan 76
1732018623606 nan 77
1732018959250 nan 78
1732019293563 nan 79
1732019629914 nan 80
1732019966214 nan 81
1732020300991 nan 82
1732020636177 nan 83
1732020971937 nan 84
1732021307210 nan 85
1732021643820 nan 86
