1731509962127 0.5042916536331177 0
1731510360849 0.49904167652130127 1
1731510758325 0.5021666884422302 2
1731511156419 0.4975000023841858 3
1731511553867 0.4960416555404663 4
1731511951597 0.492208331823349 5
1731512349192 0.502916693687439 6
1731512747541 0.4964166581630707 7
1731513144915 0.4958750009536743 8
1731513542968 0.4962083399295807 9
1731513940456 0.5066666603088379 10
1731514338513 0.5086249709129333 11
1731514735894 0.4960833191871643 12
1731515133580 0.5021666884422302 13
1731515533554 0.5064583420753479 14
1731515931731 0.49945834279060364 15
1731516330905 0.5 16
1731516727292 0.5019999742507935 17
1731517124388 0.49795833230018616 18
1731517522748 0.5018333196640015 19
1731517920453 0.49808332324028015 20
1731518318691 0.5040416717529297 21
1731518718283 0.5040833353996277 22
1731519115443 0.5054166913032532 23
1731519512330 0.5098749995231628 24
1731519910065 0.5139583349227905 25
1731520307168 0.5381249785423279 26
1731520703604 0.5352083444595337 27
1731521102918 0.5149583220481873 28
1731521500632 0.5371666550636292 29
1731521898987 0.5680000185966492 30
1731522296590 0.578249990940094 31
1731522700665 0.5845416784286499 32
1731523098369 0.5990833044052124 33
1731523493847 0.6046666502952576 34
1731523889823 0.6153333187103271 35
1731524285496 0.6237499713897705 36
1731524681000 0.6266250014305115 37
1731525076490 0.6314583420753479 38
1731525471764 0.6381666660308838 39
1731525868354 0.640458345413208 40
1731526264583 0.6442083120346069 41
1731526660965 0.643833339214325 42
1731527057407 0.6445000171661377 43
1731527453929 0.6547083258628845 44
1731527850203 0.6467916369438171 45
1731528246704 0.6572499871253967 46
1731528643216 0.6546666622161865 47
1731529039751 0.6649583578109741 48
1731529436397 0.6682916879653931 49
1731529833240 0.6662916541099548 50
1731530229827 0.6666250228881836 51
1731530626225 0.6745833158493042 52
1731531023173 0.6729999780654907 53
1731531419712 0.6813333630561829 54
1731531816157 0.6883333325386047 55
1731532212653 0.687833309173584 56
1731532610241 0.6914166808128357 57
1731533007173 0.6955416798591614 58
1731533403915 0.7068333625793457 59
1731533800706 0.7070000171661377 60
1731534197704 0.7211250066757202 61
1731534594375 0.7285416722297668 62
1731534991216 0.7303749918937683 63
1731535387863 0.7398750185966492 64
1731535784718 0.7413750290870667 65
1731536181596 0.7421666383743286 66
1731536578336 0.7561249732971191 67
1731536975042 0.7607083320617676 68
1731537371880 0.7574166655540466 69
1731537768510 0.7602499723434448 70
1731538165006 0.7674999833106995 71
1731538562006 0.7634583115577698 72
1731538961080 0.7721666693687439 73
1731539359099 0.7752083539962769 74
1731539757985 0.778083324432373 75
1731540155509 0.7787500023841858 76
1731540553133 0.7832083106040955 77
1731540949697 0.7823333144187927 78
1731541345889 0.7879166603088379 79
1731541741951 0.7866250276565552 80
1731542138929 0.7894999980926514 81
1731542535703 0.7901250123977661 82
1731542933733 0.7932083606719971 83
1731543333063 0.7956666946411133 84
1731543732253 0.8009166717529297 85
1731544130144 0.7991250157356262 86
1731544527537 0.8013749718666077 87
1731544924896 0.8065000176429749 88
1731545322974 0.799958348274231 89
1731545720259 0.8063750267028809 90
1731546117824 0.8066250085830688 91
1731546515476 0.8096250295639038 92
1731546913291 0.8109583258628845 93
1731547311066 0.8113333582878113 94
1731547709700 0.8189166784286499 95
1731548109252 0.8137916922569275 96
1731548504876 0.8109166622161865 97
1731548900821 0.8169583082199097 98
1731549297783 0.8129583597183228 99
1731549694480 0.8184999823570251 100
1731550091174 0.8205833435058594 101
1731550487932 0.8222916722297668 102
1731550884402 0.8186666369438171 103
1731551285107 0.8208749890327454 104
1731551682206 0.8202916383743286 105
1731552076766 0.8213750123977661 106
1731552471573 0.8242083191871643 107
1731552866072 0.8264999985694885 108
1731553261132 0.8256666660308838 109
1731553655681 0.8226666450500488 110
1731554050822 0.8302500247955322 111
1731554446769 0.8247083425521851 112
1731554846267 0.8298749923706055 113
1731555248170 0.8327083587646484 114
1731555644174 0.8301249742507935 115
1731556041986 0.8294583559036255 116
1731556441384 0.8317916393280029 117
1731556842793 0.8333749771118164 118
1731557243015 0.8287916779518127 119
1731557643957 0.8274166584014893 120
1731558043843 0.8361666798591614 121
1731558446002 0.8349583148956299 122
1731558846322 0.831208348274231 123
1731559242138 0.8358333110809326 124
1731559642248 0.8337916731834412 125
1731560037940 0.8336250185966492 126
1731560432456 0.840666651725769 127
1731560827474 0.8334166407585144 128
1731561222201 0.8394583463668823 129
1731561616440 0.8412500023841858 130
1731562010737 0.8391249775886536 131
1731562405229 0.8392500281333923 132
1731562799326 0.8380833268165588 133
1731563194115 0.8448333144187927 134
1731563588295 0.8447083234786987 135
1731563982442 0.8408750295639038 136
1731564376555 0.844041645526886 137
1731564770628 0.8421666622161865 138
1731565164807 0.8402083516120911 139
1731565559763 0.8454583287239075 140
1731565953925 0.8385000228881836 141
1731566348081 0.843999981880188 142
1731566742234 0.8433333039283752 143
1731567136392 0.8422083258628845 144
1731567530757 0.8451666831970215 145
1731567925181 0.8486666679382324 146
1731568319499 0.8456666469573975 147
1731568713881 0.8445833325386047 148
1731569108147 0.8479999899864197 149
1731569502297 0.8447499871253967 150
1731569896380 0.8413333296775818 151
1731570290847 0.8427916765213013 152
1731570684767 0.8482499718666077 153
1731571078563 0.8446249961853027 154
1731571472823 0.8460833430290222 155
1731571867129 0.8414166569709778 156
1731572261523 0.8351250290870667 157
1731572655744 0.8430833220481873 158
1731573049982 0.8484166860580444 159
1731573444163 0.8502916693687439 160
1731573838418 0.8450000286102295 161
1731574232814 0.8465833067893982 162
1731574627065 0.8389166593551636 163
1731575021237 0.8484166860580444 164
1731575415665 0.846875011920929 165
1731575809853 0.8501666784286499 166
1731576204066 0.8528333306312561 167
1731576598193 0.843500018119812 168
1731576992447 0.8512916564941406 169
1731577386655 0.8514583110809326 170
1731577781046 0.8472083210945129 171
1731578175453 0.8059166669845581 172
1731578569715 0.8255833387374878 173
1731578963920 0.8465416431427002 174
1731579358123 0.8547499775886536 175
1731579752135 0.8472083210945129 176
1731580146243 0.8432916402816772 177
1731580540478 0.8479583263397217 178
1731580934572 0.8565000295639038 179
1731581328588 0.8457499742507935 180
1731581722677 0.8475833535194397 181
1731582116358 0.8531666398048401 182
1731582510490 0.8579999804496765 183
1731582904555 0.8507500290870667 184
1731583298897 0.846791684627533 185
1731583693045 0.8524166941642761 186
1731584087076 0.8514166474342346 187
1731584481173 0.8487499952316284 188
