1731509962127 0.9328412413597107 0
1731510360849 0.9116894602775574 1
1731510758325 0.8985747694969177 2
1731511156419 0.8866403102874756 3
1731511553867 0.8754563927650452 4
1731511951597 0.8648493885993958 5
1731512349192 0.8544408082962036 6
1731512747541 0.8454932570457458 7
1731513144915 0.8365371227264404 8
1731513542968 0.8282122611999512 9
1731513940456 0.8200699090957642 10
1731514338513 0.8124479055404663 11
1731514735894 0.8060073256492615 12
1731515133580 0.7993257641792297 13
1731515533554 0.7928805947303772 14
1731515931731 0.7875154614448547 15
1731516330905 0.782023012638092 16
1731516727292 0.7766052484512329 17
1731517124388 0.7720573544502258 18
1731517522748 0.7674623727798462 19
1731517920453 0.763102114200592 20
1731518318691 0.7587398290634155 21
1731518718283 0.7552127838134766 22
1731519115443 0.7514777779579163 23
1731519512330 0.7481236457824707 24
1731519910065 0.7441720962524414 25
1731520307168 0.7379604578018188 26
1731520703604 0.7354592084884644 27
1731521102918 0.7367798686027527 28
1731521500632 0.7292292714118958 29
1731521898987 0.7161149978637695 30
1731522296590 0.7074564099311829 31
1731522700665 0.6987804174423218 32
1731523098369 0.6915829181671143 33
1731523493847 0.6802600622177124 34
1731523889823 0.6710873246192932 35
1731524285496 0.6601645350456238 36
1731524681000 0.655646026134491 37
1731525076490 0.6518952250480652 38
1731525471764 0.6416347622871399 39
1731525868354 0.6413933634757996 40
1731526264583 0.6363394260406494 41
1731526660965 0.631516695022583 42
1731527057407 0.6306530833244324 43
1731527453929 0.6209090352058411 44
1731527850203 0.6243340373039246 45
1731528246704 0.6199585795402527 46
1731528643216 0.6171028017997742 47
1731529039751 0.6092582941055298 48
1731529436397 0.6099637150764465 49
1731529833240 0.6054866909980774 50
1731530229827 0.6013935208320618 51
1731530626225 0.6012115478515625 52
1731531023173 0.5964780449867249 53
1731531419712 0.5918956995010376 54
1731531816157 0.5854138135910034 55
1731532212653 0.5785069465637207 56
1731532610241 0.5786046385765076 57
1731533007173 0.5709596872329712 58
1731533403915 0.5619585514068604 59
1731533800706 0.557184100151062 60
1731534197704 0.5430523157119751 61
1731534594375 0.5403101444244385 62
1731534991216 0.5352466106414795 63
1731535387863 0.5240932106971741 64
1731535784718 0.5217655301094055 65
1731536181596 0.5216248631477356 66
1731536578336 0.5091755986213684 67
1731536975042 0.5005754232406616 68
1731537371880 0.5070412755012512 69
1731537768510 0.5034093856811523 70
1731538165006 0.4983004629611969 71
1731538562006 0.5001737475395203 72
1731538961080 0.4878710210323334 73
1731539359099 0.48399922251701355 74
1731539757985 0.4832868278026581 75
1731540155509 0.480917364358902 76
1731540553133 0.47590917348861694 77
1731540949697 0.47631633281707764 78
1731541345889 0.4681200683116913 79
1731541741951 0.4683760106563568 80
1731542138929 0.47088709473609924 81
1731542535703 0.46584585309028625 82
1731542933733 0.45961153507232666 83
1731543333063 0.46266138553619385 84
1731543732253 0.4606791138648987 85
1731544130144 0.45731136202812195 86
1731544527537 0.4552258849143982 87
1731544924896 0.45373213291168213 88
1731545322974 0.4611820578575134 89
1731545720259 0.4533786475658417 90
1731546117824 0.4470578134059906 91
1731546515476 0.448526531457901 92
1731546913291 0.4500035345554352 93
1731547311066 0.4472551941871643 94
1731547709700 0.43691879510879517 95
1731548109252 0.4424716830253601 96
1731548504876 0.451027512550354 97
1731548900821 0.4402863383293152 98
1731549297783 0.449043333530426 99
1731549694480 0.43990105390548706 100
1731550091174 0.4349314272403717 101
1731550487932 0.436923086643219 102
1731550884402 0.4383070766925812 103
1731551285107 0.4341425895690918 104
1731551682206 0.4409438967704773 105
1731552076766 0.4402397871017456 106
1731552471573 0.43323177099227905 107
1731552866072 0.43601325154304504 108
1731553261132 0.4295499622821808 109
1731553655681 0.4461742341518402 110
1731554050822 0.4314296543598175 111
1731554446769 0.43226441740989685 112
1731554846267 0.430785208940506 113
1731555248170 0.42645689845085144 114
1731555644174 0.4313725233078003 115
1731556041986 0.4359726905822754 116
1731556441384 0.4313034117221832 117
1731556842793 0.42590588331222534 118
1731557243015 0.4322359263896942 119
1731557643957 0.4323682188987732 120
1731558043843 0.4231756329536438 121
1731558446002 0.4258144199848175 122
1731558846322 0.43373966217041016 123
1731559242138 0.42502257227897644 124
1731559642248 0.43110916018486023 125
1731560037940 0.43003711104393005 126
1731560432456 0.4254632294178009 127
1731560827474 0.4324858784675598 128
1731561222201 0.42477425932884216 129
1731561616440 0.41876667737960815 130
1731562010737 0.42925605177879333 131
1731562405229 0.42687907814979553 132
1731562799326 0.42568767070770264 133
1731563194115 0.421847939491272 134
1731563588295 0.42023083567619324 135
1731563982442 0.42801526188850403 136
1731564376555 0.42589840292930603 137
1731564770628 0.42436715960502625 138
1731565164807 0.42651087045669556 139
1731565559763 0.4204810857772827 140
1731565953925 0.42492011189460754 141
1731566348081 0.41865864396095276 142
1731566742234 0.42482396960258484 143
1731567136392 0.434028685092926 144
1731567530757 0.4251011908054352 145
1731567925181 0.4132651388645172 146
1731568319499 0.4192807078361511 147
1731568713881 0.4272073209285736 148
1731569108147 0.42102351784706116 149
1731569502297 0.42163968086242676 150
1731569896380 0.43143901228904724 151
1731570290847 0.42609545588493347 152
1731570684767 0.4146173894405365 153
1731571078563 0.42121678590774536 154
1731571472823 0.42136889696121216 155
1731571867129 0.4373478293418884 156
1731572261523 0.4478458762168884 157
1731572655744 0.4288478493690491 158
1731573049982 0.41551005840301514 159
1731573444163 0.42209556698799133 160
1731573838418 0.42534467577934265 161
1731574232814 0.4215703010559082 162
1731574627065 0.4349711537361145 163
1731575021237 0.4162594676017761 164
1731575415665 0.4215022921562195 165
1731575809853 0.4166012108325958 166
1731576204066 0.41381025314331055 167
1731576598193 0.4266493618488312 168
1731576992447 0.41445887088775635 169
1731577386655 0.41416555643081665 170
1731577781046 0.4201931655406952 171
1731578175453 0.4927036464214325 172
1731578569715 0.4662473201751709 173
1731578963920 0.42897191643714905 174
1731579358123 0.42357710003852844 175
1731579752135 0.42170122265815735 176
1731580146243 0.4388635754585266 177
1731580540478 0.42369404435157776 178
1731580934572 0.413142591714859 179
1731581328588 0.4250941872596741 180
1731581722677 0.4233914017677307 181
1731582116358 0.4151611328125 182
1731582510490 0.4114276170730591 183
1731582904555 0.4231552183628082 184
1731583298897 0.42593520879745483 185
1731583693045 0.41808056831359863 186
1731584087076 0.4146433174610138 187
1731584481173 0.4197094738483429 188
