1730179227847 0.503250002861023 0
1730179634034 0.5004166960716248 1
1730180040380 0.5013333559036255 2
1730180446202 0.4963333308696747 3
1730180851779 0.5104166865348816 4
1730181256718 0.4971666634082794 5
1730181662083 0.500083327293396 6
1730182067628 0.49541667103767395 7
1730182472616 0.503083348274231 8
1730182878263 0.4970833361148834 9
1730183284280 0.4975000023841858 10
1730183689707 0.49808332324028015 11
1730184096548 0.5008333325386047 12
1730184504127 0.5064166784286499 13
1730184910176 0.4949166774749756 14
1730185316817 0.4970833361148834 15
1730185723095 0.4950000047683716 16
1730186129128 0.49266666173934937 17
1730186536013 0.49816668033599854 18
1730186942320 0.499833345413208 19
1730187348799 0.49916666746139526 20
1730187755504 0.4950833320617676 21
1730188161749 0.5007500052452087 22
1730188568356 0.5043333172798157 23
1730188974615 0.49408334493637085 24
1730189381086 0.5072500109672546 25
1730189787911 0.5078333616256714 26
1730190194202 0.5101666450500488 27
1730190600963 0.5226666927337646 28
1730191007343 0.5233333110809326 29
1730191413591 0.534416675567627 30
1730191820499 0.5406666398048401 31
1730192227485 0.5632500052452087 32
1730192633808 0.5644999742507935 33
1730193039771 0.5820000171661377 34
1730193445987 0.5914999842643738 35
1730193852595 0.5998333096504211 36
1730194259069 0.6083333492279053 37
1730194665141 0.6113333106040955 38
1730195072200 0.6265833377838135 39
1730195478359 0.6209166646003723 40
1730195884259 0.6284999847412109 41
1730196290890 0.6266666650772095 42
1730196696747 0.6320000290870667 43
1730197102653 0.6395833492279053 44
1730197508885 0.640583336353302 45
1730197914957 0.6396666765213013 46
1730198321447 0.6428333520889282 47
1730198727997 0.6469166874885559 48
1730199133889 0.6534166932106018 49
1730199540797 0.6620000004768372 50
1730199947683 0.6649166941642761 51
1730200353364 0.6664166450500488 52
1730200759090 0.6646666526794434 53
1730201165441 0.6713333129882812 54
1730201571353 0.6729999780654907 55
1730201977444 0.6787499785423279 56
1730202383565 0.6805833578109741 57
1730202789773 0.6785833239555359 58
1730203195670 0.6772500276565552 59
1730203601941 0.6963333487510681 60
1730204007592 0.6945000290870667 61
1730204413683 0.6976666450500488 62
1730204819231 0.7150833606719971 63
1730205225016 0.7073333263397217 64
1730205630918 0.7267500162124634 65
1730206036386 0.7241666913032532 66
1730206442374 0.7289166450500488 67
1730206848958 0.7409999966621399 68
1730207254944 0.7426666617393494 69
1730207661440 0.7443333268165588 70
1730208068934 0.7484166622161865 71
1730208476564 0.752916693687439 72
1730208883777 0.7580833435058594 73
1730209290201 0.7577499747276306 74
1730209697412 0.7555833458900452 75
1730210104756 0.7633333206176758 76
1730210511585 0.7661666870117188 77
1730210918745 0.7662500143051147 78
1730211325696 0.7757499814033508 79
1730211732613 0.7729166746139526 80
1730212139828 0.7784166932106018 81
1730212547367 0.7786666750907898 82
1730212954895 0.7764166593551636 83
1730213363034 0.778166651725769 84
1730213772126 0.7819166779518127 85
1730214180164 0.7858333587646484 86
1730214588159 0.7861666679382324 87
1730214996064 0.7877500057220459 88
1730215404209 0.7852500081062317 89
1730215813199 0.7980833053588867 90
1730216221376 0.7940833568572998 91
1730216629771 0.7990833520889282 92
1730217037967 0.8009999990463257 93
1730217446121 0.7997499704360962 94
1730217853851 0.7929999828338623 95
1730218262209 0.8054999709129333 96
1730218669922 0.8071666955947876 97
1730219078201 0.8020833134651184 98
1730219486350 0.8048333525657654 99
1730219894566 0.7940000295639038 100
1730220303343 0.809249997138977 101
1730220712104 0.812166690826416 102
1730221120028 0.8167499899864197 103
1730221527794 0.8149999976158142 104
1730221937750 0.8131666779518127 105
1730222347295 0.8176666498184204 106
1730222756058 0.8212500214576721 107
1730223163576 0.8205833435058594 108
1730223571354 0.8177499771118164 109
1730223979280 0.8145833611488342 110
1730224387341 0.8195000290870667 111
1730224795869 0.8247500061988831 112
1730225204159 0.8221666812896729 113
1730225612374 0.8247500061988831 114
1730226021113 0.8261666893959045 115
1730226429387 0.8242499828338623 116
1730226837963 0.8246666789054871 117
1730227246321 0.8294166922569275 118
1730227654691 0.8272500038146973 119
1730228063171 0.8338333368301392 120
1730228472090 0.8271666765213013 121
1730228880367 0.8273333311080933 122
1730229288643 0.8268333077430725 123
1730229697410 0.8306666612625122 124
1730230106395 0.8269166946411133 125
1730230515419 0.8256666660308838 126
1730230923953 0.82833331823349 127
1730231332248 0.8384166955947876 128
1730231741638 0.8389166593551636 129
1730232150096 0.8345833420753479 130
1730232558319 0.8369166851043701 131
1730232967547 0.8398333191871643 132
1730233376123 0.8395000100135803 133
1730233784425 0.8426666855812073 134
1730234193470 0.8354166746139526 135
1730234602310 0.8429999947547913 136
1730235011498 0.840416669845581 137
1730235419630 0.840833306312561 138
1730235828296 0.8445000052452087 139
1730236236903 0.8393333554267883 140
1730236645982 0.8485833406448364 141
1730237054657 0.8443333506584167 142
1730237463632 0.843666672706604 143
1730237872598 0.8429999947547913 144
1730238281181 0.8475000262260437 145
1730238689619 0.8445833325386047 146
1730239099465 0.8459166884422302 147
1730239510914 0.8515833616256714 148
1730239919551 0.8463333249092102 149
1730240327745 0.8446666598320007 150
1730240736274 0.8489999771118164 151
1730241145131 0.846666693687439 152
1730241553256 0.8472499847412109 153
1730241961930 0.8481666445732117 154
1730242370043 0.8420000076293945 155
1730242778758 0.8517500162124634 156
1730243187197 0.8534166812896729 157
1730243596487 0.8516666889190674 158
1730244007332 0.8418333530426025 159
1730244417742 0.8502500057220459 160
1730244827671 0.8501666784286499 161
1730245237515 0.8525000214576721 162
1730245646050 0.8530833125114441 163
1730246053937 0.8474166393280029 164
1730246462170 0.859416663646698 165
1730246870581 0.8554166555404663 166
1730247279037 0.8506666421890259 167
1730247686640 0.85958331823349 168
1730248094701 0.8549166917800903 169
1730248502877 0.8560000061988831 170
1730248911009 0.8585000038146973 171
1730249319081 0.8581666946411133 172
1730249727099 0.8565833568572998 173
1730250135187 0.8544999957084656 174
1730250543004 0.859666645526886 175
1730250951133 0.8544166684150696 176
1730251359640 0.8611666560173035 177
1730251767344 0.8587499856948853 178
1730252175073 0.8582500219345093 179
1730252582843 0.8604166507720947 180
1730252990809 0.856249988079071 181
1730253400386 0.8614166378974915 182
1730253810718 0.8609166741371155 183
1730254224544 0.859333336353302 184
1730254637171 0.8644166588783264 185
1730255048596 0.8636666536331177 186
1730255459753 0.8646666407585144 187
1730255875241 0.8621666431427002 188
1730256291394 0.8634999990463257 189
1730256698348 0.8550833463668823 190
1730257108119 0.8650833368301392 191
1730257521931 0.8649166822433472 192
1730257932488 0.8660833239555359 193
1730258340162 0.8677499890327454 194
1730258748457 0.8657500147819519 195
1730259155442 0.8636666536331177 196
1730259563165 0.8659166693687439 197
1730259970635 0.8622499704360962 198
1730260378543 0.8628333210945129 199
1730260785729 0.8660833239555359 200
1730261194854 0.8621666431427002 201
1730261602404 0.8636666536331177 202
1730262009292 0.8674166798591614 203
1730262416715 0.8684166669845581 204
1730262823922 0.8646666407585144 205
1730263231986 0.8682500123977661 206
1730263639396 0.8659166693687439 207
1730264046833 0.8638333082199097 208
1730264454007 0.871916651725769 209
1730264861292 0.8640833497047424 210
1730265269412 0.8712499737739563 211
1730265676228 0.8664166927337646 212
1730266083201 0.8666666746139526 213
1730266490214 0.8725833296775818 214
1730266897676 0.8705833554267883 215
1730267305175 0.8669166564941406 216
1730267712194 0.8679999709129333 217
1730268118390 0.8722500205039978 218
1730268524788 0.8681666851043701 219
1730268931603 0.8671666383743286 220
1730269338012 0.8687499761581421 221
1730269744567 0.8668333292007446 222
1730270151187 0.8658333420753479 223
1730270557748 0.8733333349227905 224
1730270963939 0.875 225
1730271370115 0.8759999871253967 226
1730271776898 0.8728333115577698 227
1730272183436 0.8680833578109741 228
1730272589720 0.871833324432373 229
1730272996095 0.8730833530426025 230
1730273402684 0.8681666851043701 231
1730273808686 0.874833345413208 232
1730274215310 0.871749997138977 233
1730274621649 0.8655833601951599 234
1730275028083 0.8709166646003723 235
1730275434379 0.8757500052452087 236
1730275840940 0.8685833215713501 237
1730276246819 0.8735833168029785 238
1730276653100 0.878083348274231 239
1730277059272 0.8725833296775818 240
1730277465594 0.8795833587646484 241
1730277872444 0.8765833377838135 242
1730278278505 0.8714166879653931 243
1730278684721 0.8758333325386047 244
1730279090701 0.871833324432373 245
1730279497376 0.8772500157356262 246
1730279903932 0.8758333325386047 247
1730280309859 0.8784999847412109 248
1730280716407 0.8768333196640015 249
1730280752936 0.8457499742507935 0
