1730179227847 1.1421469449996948 0
1730179634034 0.9349170923233032 1
1730180040380 0.9151297807693481 2
1730180446202 0.9013233780860901 3
1730180851779 0.8883940577507019 4
1730181256718 0.8774816989898682 5
1730181662083 0.8670943379402161 6
1730182067628 0.8564740419387817 7
1730182472616 0.8460367918014526 8
1730182878263 0.8374475240707397 9
1730183284280 0.8298560380935669 10
1730183689707 0.8208257555961609 11
1730184096548 0.8140835762023926 12
1730184504127 0.8070695996284485 13
1730184910176 0.8010755181312561 14
1730185316817 0.7950506806373596 15
1730185723095 0.7885991334915161 16
1730186129128 0.7832418084144592 17
1730186536013 0.7789848446846008 18
1730186942320 0.773354709148407 19
1730187348799 0.7692255973815918 20
1730187755504 0.7643417716026306 21
1730188161749 0.7606560587882996 22
1730188568356 0.7565984129905701 23
1730188974615 0.7532991766929626 24
1730189381086 0.7489489912986755 25
1730189787911 0.7457543015480042 26
1730190194202 0.7420158982276917 27
1730190600963 0.7381849884986877 28
1730191007343 0.7390942573547363 29
1730191413591 0.731738269329071 30
1730191820499 0.7265337705612183 31
1730192227485 0.7160490155220032 32
1730192633808 0.7110140919685364 33
1730193039771 0.700850248336792 34
1730193445987 0.6881783604621887 35
1730193852595 0.6850432753562927 36
1730194259069 0.6733850240707397 37
1730194665141 0.6689629554748535 38
1730195072200 0.6618540287017822 39
1730195478359 0.6545568704605103 40
1730195884259 0.6488377451896667 41
1730196290890 0.645128607749939 42
1730196696747 0.6422660946846008 43
1730197102653 0.6310048699378967 44
1730197508885 0.63321453332901 45
1730197914957 0.6281130909919739 46
1730198321447 0.6301737427711487 47
1730198727997 0.6214938759803772 48
1730199133889 0.6190952062606812 49
1730199540797 0.6119809746742249 50
1730199947683 0.606823742389679 51
1730200353364 0.6042260527610779 52
1730200759090 0.6080464720726013 53
1730201165441 0.599274218082428 54
1730201571353 0.6018447875976562 55
1730201977444 0.5903326869010925 56
1730202383565 0.595430850982666 57
1730202789773 0.5944092869758606 58
1730203195670 0.5846073627471924 59
1730203601941 0.5741791725158691 60
1730204007592 0.575426459312439 61
1730204413683 0.5700970888137817 62
1730204819231 0.5522752404212952 63
1730205225016 0.5586124062538147 64
1730205630918 0.5404061675071716 65
1730206036386 0.5431329011917114 66
1730206442374 0.5333709120750427 67
1730206848958 0.5215557813644409 68
1730207254944 0.520675539970398 69
1730207661440 0.5225565433502197 70
1730208068934 0.5152324438095093 71
1730208476564 0.5120251774787903 72
1730208883777 0.5033249258995056 73
1730209290201 0.5069394707679749 74
1730209697412 0.5103703141212463 75
1730210104756 0.4950879216194153 76
1730210511585 0.49764689803123474 77
1730210918745 0.4905026853084564 78
1730211325696 0.48227620124816895 79
1730211732613 0.4833647906780243 80
1730212139828 0.4775286018848419 81
1730212547367 0.4763913154602051 82
1730212954895 0.4713827669620514 83
1730213363034 0.4740569591522217 84
1730213772126 0.47188839316368103 85
1730214180164 0.4689965844154358 86
1730214588159 0.4668801724910736 87
1730214996064 0.4605480432510376 88
1730215404209 0.4668423533439636 89
1730215813199 0.4556656777858734 90
1730216221376 0.4607333838939667 91
1730216629771 0.4497484564781189 92
1730217037967 0.4462248682975769 93
1730217446121 0.4503360092639923 94
1730217853851 0.46098092198371887 95
1730218262209 0.44388866424560547 96
1730218669922 0.4415438771247864 97
1730219078201 0.4440181851387024 98
1730219486350 0.4439925253391266 99
1730219894566 0.4563232362270355 100
1730220303343 0.4407193958759308 101
1730220712104 0.4391018748283386 102
1730221120028 0.4312184154987335 103
1730221527794 0.42761364579200745 104
1730221937750 0.43450719118118286 105
1730222347295 0.4313643276691437 106
1730222756058 0.42749837040901184 107
1730223163576 0.4250105321407318 108
1730223571354 0.42610517144203186 109
1730223979280 0.42288243770599365 110
1730224387341 0.4248998165130615 111
1730224795869 0.4240914285182953 112
1730225204159 0.42084988951683044 113
1730225612374 0.421813040971756 114
1730226021113 0.41240227222442627 115
1730226429387 0.419732004404068 116
1730226837963 0.417279988527298 117
1730227246321 0.4154779016971588 118
1730227654691 0.41785818338394165 119
1730228063171 0.41537851095199585 120
1730228472090 0.4117368459701538 121
1730228880367 0.4112001955509186 122
1730229288643 0.4148402214050293 123
1730229697410 0.41647830605506897 124
1730230106395 0.4171689748764038 125
1730230515419 0.42227840423583984 126
1730230923953 0.42094987630844116 127
1730231332248 0.410610556602478 128
1730231741638 0.40510499477386475 129
1730232150096 0.4188673794269562 130
1730232558319 0.4062555730342865 131
1730232967547 0.4036957919597626 132
1730233376123 0.4074995815753937 133
1730233784425 0.40180566906929016 134
1730234193470 0.4081598222255707 135
1730234602310 0.40275683999061584 136
1730235011498 0.4060630202293396 137
1730235419630 0.4072604477405548 138
1730235828296 0.3956166207790375 139
1730236236903 0.4024670720100403 140
1730236645982 0.3901134431362152 141
1730237054657 0.4084126651287079 142
1730237463632 0.4055421054363251 143
1730237872598 0.40099743008613586 144
1730238281181 0.3998090326786041 145
1730238689619 0.3970871567726135 146
1730239099465 0.39897456765174866 147
1730239510914 0.39317601919174194 148
1730239919551 0.3995705246925354 149
1730240327745 0.4077993631362915 150
1730240736274 0.39138469099998474 151
1730241145131 0.4009143114089966 152
1730241553256 0.4010608196258545 153
1730241961930 0.4011278748512268 154
1730242370043 0.406160444021225 155
1730242778758 0.3928822875022888 156
1730243187197 0.39179369807243347 157
1730243596487 0.39477774500846863 158
1730244007332 0.4101595878601074 159
1730244417742 0.4022787809371948 160
1730244827671 0.4006287157535553 161
1730245237515 0.3902110457420349 162
1730245646050 0.3947083652019501 163
1730246053937 0.3987252712249756 164
1730246462170 0.38807451725006104 165
1730246870581 0.3938906192779541 166
1730247279037 0.3990500569343567 167
1730247686640 0.385477215051651 168
1730248094701 0.39035409688949585 169
1730248502877 0.38885918259620667 170
1730248911009 0.39015328884124756 171
1730249319081 0.38930028676986694 172
1730249727099 0.3899948000907898 173
1730250135187 0.39237797260284424 174
1730250543004 0.38701683282852173 175
1730250951133 0.3995087742805481 176
1730251359640 0.39265066385269165 177
1730251767344 0.38724344968795776 178
1730252175073 0.39437806606292725 179
1730252582843 0.3910115957260132 180
1730252990809 0.39165735244750977 181
1730253400386 0.3883304297924042 182
1730253810718 0.3913223147392273 183
1730254224544 0.39183831214904785 184
1730254637171 0.38752806186676025 185
1730255048596 0.38641244173049927 186
1730255459753 0.3860974609851837 187
1730255875241 0.3885287344455719 188
1730256291394 0.3886772394180298 189
1730256698348 0.39870625734329224 190
1730257108119 0.392882764339447 191
1730257521931 0.38505327701568604 192
1730257932488 0.3813260495662689 193
1730258340162 0.3831886947154999 194
1730258748457 0.37891915440559387 195
1730259155442 0.38532429933547974 196
1730259563165 0.3861025273799896 197
1730259970635 0.3852422833442688 198
1730260378543 0.38819241523742676 199
1730260785729 0.3890109062194824 200
1730261194854 0.3987821936607361 201
1730261602404 0.38629719614982605 202
1730262009292 0.38018012046813965 203
1730262416715 0.38272398710250854 204
1730262823922 0.39119967818260193 205
1730263231986 0.3820738196372986 206
1730263639396 0.38359054923057556 207
1730264046833 0.3876977562904358 208
1730264454007 0.3769083321094513 209
1730264861292 0.3927130401134491 210
1730265269412 0.37581440806388855 211
1730265676228 0.385488361120224 212
1730266083201 0.3853164613246918 213
1730266490214 0.3800930678844452 214
1730266897676 0.3816869854927063 215
1730267305175 0.3835834264755249 216
1730267712194 0.3876490592956543 217
1730268118390 0.37617745995521545 218
1730268524788 0.3899930715560913 219
1730268931603 0.3956890404224396 220
1730269338012 0.3898437023162842 221
1730269744567 0.38817110657691956 222
1730270151187 0.38964974880218506 223
1730270557748 0.3771634101867676 224
1730270963939 0.37945348024368286 225
1730271370115 0.3753693699836731 226
1730271776898 0.3869151175022125 227
1730272183436 0.38623884320259094 228
1730272589720 0.38033801317214966 229
1730272996095 0.37687334418296814 230
1730273402684 0.3906104862689972 231
1730273808686 0.3824266791343689 232
1730274215310 0.3798486590385437 233
1730274621649 0.39426034688949585 234
1730275028083 0.38454172015190125 235
1730275434379 0.3790084719657898 236
1730275840940 0.3875373601913452 237
1730276246819 0.38325396180152893 238
1730276653100 0.3768021762371063 239
1730277059272 0.3803093731403351 240
1730277465594 0.37094131112098694 241
1730277872444 0.37470853328704834 242
1730278278505 0.3857630491256714 243
1730278684721 0.3814036548137665 244
1730279090701 0.3818395733833313 245
1730279497376 0.37928691506385803 246
1730279903932 0.38163334131240845 247
1730280309859 0.3692505359649658 248
1730280716407 0.37253475189208984 249
1730280752936 0.48028695583343506 0
