1730330549322 0.5010833144187927 0
1730330957754 0.49558332562446594 1
1730331364817 0.49941667914390564 2
1730331773819 0.4934166669845581 3
1730332180761 0.500249981880188 4
1730332587522 0.4964166581630707 5
1730332994283 0.5037500262260437 6
1730333400977 0.49549999833106995 7
1730333807733 0.5018333196640015 8
1730334214630 0.5004166960716248 9
1730334622160 0.5006666779518127 10
1730335028961 0.4958333373069763 11
1730335435493 0.49783334136009216 12
1730335842734 0.5008333325386047 13
1730336249315 0.5110833048820496 14
1730336656054 0.515250027179718 15
1730337063958 0.515749990940094 16
1730337470305 0.534500002861023 17
1730337876646 0.5370000004768372 18
1730338284162 0.5370833277702332 19
1730338690352 0.5540833473205566 20
1730339097526 0.5605833530426025 21
1730339510111 0.5680000185966492 22
1730339919130 0.5758333206176758 23
1730340323177 0.5790833234786987 24
1730340727005 0.5870000123977661 25
1730341131070 0.5863333344459534 26
1730341534723 0.5883333086967468 27
1730341938793 0.597000002861023 28
1730342342622 0.5950833559036255 29
1730342754544 0.6055833101272583 30
1730343166278 0.6086666584014893 31
1730343578285 0.6075000166893005 32
1730343989652 0.6150833368301392 33
1730344401949 0.6212499737739563 34
1730344813926 0.6204166412353516 35
1730345226860 0.6278333067893982 36
1730345639635 0.6328333616256714 37
1730346048266 0.6442499756813049 38
1730346454290 0.6414999961853027 39
1730346860135 0.6519166827201843 40
1730347266907 0.6545000076293945 41
1730347672433 0.6575000286102295 42
1730348079187 0.6626666784286499 43
1730348485765 0.668833315372467 44
1730348891383 0.6784166693687439 45
1730349297439 0.672166645526886 46
1730349703422 0.6920833587646484 47
1730350110165 0.7013333439826965 48
1730350515816 0.7068333625793457 49
1730350922452 0.7019166946411133 50
1730351329064 0.7113333344459534 51
1730351734937 0.7170000076293945 52
1730352140858 0.715833306312561 53
1730352547277 0.7209166884422302 54
1730352953224 0.7228333353996277 55
1730353359787 0.7244166731834412 56
1730353765995 0.7237499952316284 57
1730354172244 0.7325000166893005 58
1730354579361 0.7335833311080933 59
1730354985823 0.7339166402816772 60
1730355391864 0.7350833415985107 61
1730355798273 0.7421666383743286 62
1730356204088 0.7408333420753479 63
1730356610265 0.7409999966621399 64
1730357015777 0.7471666932106018 65
1730357422296 0.7528333067893982 66
1730357828781 0.7425833344459534 67
1730358234506 0.7494999766349792 68
1730358640563 0.750333309173584 69
1730359046624 0.7589166760444641 70
1730359452438 0.7534166574478149 71
1730359858703 0.7594166398048401 72
1730360265169 0.7528333067893982 73
1730360671172 0.762416660785675 74
1730361077350 0.7605000138282776 75
1730361483276 0.7622500061988831 76
1730361888877 0.7555000185966492 77
1730362296008 0.7641666531562805 78
1730362701619 0.7636666893959045 79
1730363107754 0.7708333134651184 80
1730363512952 0.7726666927337646 81
1730363919168 0.7610833048820496 82
1730364325152 0.7713333368301392 83
1730364730600 0.7714166641235352 84
1730365136814 0.7735000252723694 85
1730365543013 0.7683333158493042 86
1730365948777 0.7745833396911621 87
1730366355120 0.7730000019073486 88
1730366761308 0.7757499814033508 89
1730367166984 0.778333306312561 90
1730367573079 0.7755833268165588 91
1730367979439 0.7834166884422302 92
1730368385199 0.7806666493415833 93
1730368790859 0.778249979019165 94
1730369196659 0.7745833396911621 95
1730369602085 0.7868333458900452 96
1730370008868 0.7805833220481873 97
1730370414186 0.7850833535194397 98
1730370820156 0.7864999771118164 99
1730371226057 0.7924166917800903 100
1730371631574 0.7835833430290222 101
1730372037190 0.7839166522026062 102
1730372443312 0.7863333225250244 103
1730372849515 0.7911666631698608 104
1730373254595 0.7839999794960022 105
1730373660476 0.793666660785675 106
1730374066417 0.7887499928474426 107
1730374472186 0.7974166870117188 108
1730374878551 0.7901666760444641 109
1730375284092 0.7867500185966492 110
1730375689789 0.7892500162124634 111
1730376095597 0.7944999933242798 112
1730376501190 0.7925833463668823 113
1730376906641 0.7964166402816772 114
1730377313138 0.793916642665863 115
1730377718643 0.8022500276565552 116
1730378124593 0.7975833415985107 117
1730378530820 0.7980833053588867 118
1730378937188 0.7994166612625122 119
1730379343030 0.8002499938011169 120
1730379748992 0.7960000038146973 121
1730380155092 0.8029166460037231 122
1730380562174 0.796833336353302 123
1730380970133 0.7973333597183228 124
1730381379194 0.8044999837875366 125
1730381789779 0.8025000095367432 126
1730382197365 0.8009166717529297 127
1730382604449 0.8004166483879089 128
1730383011367 0.7984166741371155 129
1730383417912 0.8028333187103271 130
1730383824498 0.8038333058357239 131
1730384231488 0.8073333501815796 132
1730384638311 0.8088333606719971 133
1730385045504 0.8068333268165588 134
1730385452597 0.7991666793823242 135
1730385859299 0.8036666512489319 136
1730386266802 0.8074166774749756 137
1730386674594 0.8070833086967468 138
1730387081921 0.8065000176429749 139
1730387489443 0.8101666569709778 140
1730387896901 0.8079166412353516 141
1730388304951 0.8089166879653931 142
1730388712634 0.809499979019165 143
1730389120325 0.8112499713897705 144
1730389528714 0.8108333349227905 145
1730389936907 0.8130000233650208 146
1730390345541 0.8107500076293945 147
1730390753815 0.8137500286102295 148
1730391162569 0.8069166541099548 149
1730391570680 0.8067499995231628 150
1730391979143 0.8059999942779541 151
1730392387900 0.8096666932106018 152
1730392796235 0.8177499771118164 153
1730393204598 0.8104166388511658 154
1730393613310 0.8164166808128357 155
1730394021544 0.8163333535194397 156
1730394430722 0.812166690826416 157
1730394841679 0.8144999742507935 158
1730395252033 0.8130000233650208 159
1730395664672 0.812416672706604 160
1730396074650 0.8140000104904175 161
1730396482659 0.8152499794960022 162
1730396891728 0.8167499899864197 163
1730397300472 0.8167499899864197 164
1730397709607 0.8116666674613953 165
1730398124275 0.8192499876022339 166
1730398535491 0.8168333172798157 167
1730398946819 0.8195833563804626 168
1730399362347 0.815750002861023 169
1730399778551 0.8175833225250244 170
1730400194579 0.8209166526794434 171
1730400609113 0.8190833330154419 172
1730401022328 0.8238333463668823 173
1730401436446 0.8215833306312561 174
1730401846566 0.8217499852180481 175
1730402255481 0.8210833072662354 176
1730402664460 0.8118333220481873 177
1730403073747 0.8230833411216736 178
1730403480027 0.8184166550636292 179
1730403887147 0.8197500109672546 180
1730404296148 0.8193333148956299 181
1730404703718 0.8198333382606506 182
1730405113084 0.8203333616256714 183
1730405522206 0.8228333592414856 184
1730405931180 0.8237500190734863 185
1730406340192 0.8246666789054871 186
1730406748907 0.824833333492279 187
1730407157488 0.8204166889190674 188
1730407566420 0.8238333463668823 189
1730407974929 0.8255000114440918 190
1730408383946 0.8180833458900452 191
1730408792161 0.8236666917800903 192
1730409200927 0.8235833048820496 193
1730409609844 0.8223333358764648 194
1730410018500 0.8243333101272583 195
1730410426777 0.8233333230018616 196
1730410838248 0.8220833539962769 197
1730411245626 0.824999988079071 198
1730411651898 0.8237500190734863 199
1730412060858 0.825166642665863 200
1730412469658 0.8220000267028809 201
1730412878112 0.8257499933242798 202
1730413286921 0.8201666474342346 203
1730413695187 0.8258333206176758 204
1730414104138 0.8261666893959045 205
1730414517211 0.8266666531562805 206
1730414923880 0.8320833444595337 207
1730415329639 0.8243333101272583 208
1730415735635 0.8272500038146973 209
1730416142630 0.8285833597183228 210
1730416549583 0.8237500190734863 211
1730416956655 0.8270833492279053 212
1730417363738 0.8256666660308838 213
1730417770603 0.831250011920929 214
1730418177405 0.8289999961853027 215
1730418583851 0.8332499861717224 216
1730418990327 0.8242499828338623 217
1730419396986 0.827750027179718 218
1730419803487 0.8326666951179504 219
1730420209831 0.827833354473114 220
1730420616308 0.8253333568572998 221
1730421022759 0.8255833387374878 222
1730421429226 0.8253333568572998 223
1730421835901 0.8267499804496765 224
1730422242450 0.8213333487510681 225
1730422648871 0.827833354473114 226
1730423055503 0.8258333206176758 227
1730423461849 0.8259166479110718 228
1730423868212 0.8302500247955322 229
1730424274988 0.8305833339691162 230
1730424681161 0.8315833210945129 231
1730425087457 0.8289166688919067 232
1730425493980 0.8323333263397217 233
1730425900319 0.82833331823349 234
1730426306636 0.8300833106040955 235
1730426718205 0.827750027179718 236
1730427127773 0.8294166922569275 237
1730427534910 0.8268333077430725 238
1730427944501 0.8389166593551636 239
1730428352612 0.8325833082199097 240
1730428760363 0.8291666507720947 241
1730429168144 0.8290833234786987 242
1730429575941 0.8268333077430725 243
1730429985050 0.8274999856948853 244
1730430393550 0.8263333439826965 245
1730430802573 0.8331666588783264 246
1730431210005 0.8307499885559082 247
1730431617486 0.8373333215713501 248
1730432025453 0.8295833468437195 249
1730432436701 0.8327500224113464 250
1730432844756 0.8302500247955322 251
1730433250870 0.8307499885559082 252
1730433658998 0.8286666870117188 253
1730434066442 0.8333333134651184 254
1730434474231 0.831250011920929 255
1730434881912 0.8335833549499512 256
1730435289007 0.8345833420753479 257
1730435696706 0.8328333497047424 258
1730436104240 0.8331666588783264 259
1730436511365 0.8307499885559082 260
1730436919091 0.8348333239555359 261
1730437326367 0.8316666483879089 262
1730437733708 0.8349999785423279 263
1730438141803 0.8308333158493042 264
1730438549139 0.8332499861717224 265
1730438956451 0.8418333530426025 266
1730439363332 0.8331666588783264 267
1730439770671 0.8347499966621399 268
1730440177791 0.8330833315849304 269
1730440585187 0.8360000252723694 270
1730440992773 0.8240000009536743 271
1730441399713 0.8345833420753479 272
1730441806546 0.8327500224113464 273
1730442213663 0.8307499885559082 274
1730442620846 0.8318333625793457 275
1730443027697 0.8305000066757202 276
1730443434999 0.8330000042915344 277
1730443842116 0.8391666412353516 278
1730444249383 0.8324999809265137 279
1730444656719 0.8262500166893005 280
1730445063830 0.8365833163261414 281
1730445471076 0.8382499814033508 282
1730445878058 0.8360000252723694 283
1730446284488 0.8346666693687439 284
1730446691830 0.8338333368301392 285
1730447098838 0.8360000252723694 286
1730447505783 0.8305000066757202 287
1730447912324 0.8323333263397217 288
1730448319506 0.8308333158493042 289
1730448726008 0.8363333344459534 290
1730449132685 0.8346666693687439 291
1730449539300 0.8373333215713501 292
1730449946155 0.8323333263397217 293
1730450353370 0.840416669845581 294
1730450759966 0.8335833549499512 295
1730451166594 0.8410833477973938 296
1730451572771 0.8375833630561829 297
1730451980050 0.8357499837875366 298
1730452386732 0.8355000019073486 299
1730452793067 0.8367499709129333 300
1730453199892 0.8419166803359985 301
1730453606542 0.8372499942779541 302
1730454013625 0.8333333134651184 303
1730454419944 0.8442500233650208 304
1730454826651 0.8343333601951599 305
1730455233462 0.8416666388511658 306
1730455639730 0.8366666436195374 307
1730456046114 0.8364166617393494 308
1730456452721 0.8380833268165588 309
1730456859766 0.8356666564941406 310
1730457266336 0.8343333601951599 311
1730457673357 0.8399166464805603 312
1730458079983 0.8388333320617676 313
1730458485707 0.8389999866485596 314
1730458892059 0.8393333554267883 315
1730459298723 0.8320000171661377 316
1730459705086 0.8362500071525574 317
1730460111482 0.8349999785423279 318
1730460518019 0.8373333215713501 319
1730460924647 0.8402500152587891 320
1730461331729 0.8415833115577698 321
1730461738302 0.8339999914169312 322
1730462144555 0.8332499861717224 323
1730462551310 0.8368333578109741 324
1730462958432 0.8361666798591614 325
1730463365157 0.8381666541099548 326
1730463772073 0.8379166722297668 327
1730464178534 0.8320000171661377 328
1730464585059 0.8354166746139526 329
1730464991694 0.8413333296775818 330
1730465398075 0.8429166674613953 331
1730465804797 0.8424166440963745 332
1730466211711 0.8398333191871643 333
1730466617827 0.8377500176429749 334
1730467025829 0.8382499814033508 335
1730467435379 0.8420000076293945 336
1730467846760 0.8374999761581421 337
1730468255718 0.8462499976158142 338
1730468662008 0.8385000228881836 339
1730469067306 0.840666651725769 340
1730469477279 0.8393333554267883 341
1730469884294 0.840583324432373 342
1730470292357 0.8379166722297668 343
1730470700729 0.8430833220481873 344
1730471108022 0.8399166464805603 345
1730471516043 0.8410833477973938 346
1730471923520 0.8379999995231628 347
1730472330955 0.8424999713897705 348
1730472738778 0.8376666903495789 349
1730473146825 0.8355833292007446 350
1730473554542 0.8415833115577698 351
1730473962788 0.8428333401679993 352
1730474371816 0.843833327293396 353
1730474784992 0.8403333425521851 354
1730475199247 0.8424166440963745 355
1730475612944 0.8401666879653931 356
1730476026883 0.8418333530426025 357
1730476441079 0.8342499732971191 358
1730476855481 0.8492500185966492 359
1730477264502 0.8429999947547913 360
1730477673214 0.8432499766349792 361
1730478082078 0.8448333144187927 362
1730478490243 0.8374999761581421 363
1730478899028 0.8429166674613953 364
1730479306996 0.8456666469573975 365
1730479715951 0.8460000157356262 366
1730480124126 0.8410000205039978 367
1730480531809 0.843583345413208 368
1730480942406 0.8422499895095825 369
1730481351944 0.8445000052452087 370
1730481765648 0.8478333353996277 371
1730482175907 0.8463333249092102 372
1730482584616 0.8370000123977661 373
1730482992105 0.8396666646003723 374
1730483401463 0.8460000157356262 375
1730483809134 0.8410833477973938 376
1730484217212 0.8379999995231628 377
1730484625663 0.844083309173584 378
1730485033459 0.8410833477973938 379
1730485442315 0.8417500257492065 380
1730485850098 0.8488333225250244 381
1730486258505 0.8489999771118164 382
1730486667528 0.8448333144187927 383
1730487080180 0.8451666831970215 384
1730487494537 0.8461666703224182 385
1730487907808 0.840583324432373 386
1730488315918 0.8455833196640015 387
1730488725117 0.8519166707992554 388
1730489133386 0.8389999866485596 389
1730489541796 0.8418333530426025 390
1730489949562 0.8447499871253967 391
1730490358192 0.8418333530426025 392
1730490765808 0.8483333587646484 393
1730491173648 0.8500833511352539 394
1730491582396 0.8460833430290222 395
1730491990213 0.8415833115577698 396
1730492397942 0.8431666493415833 397
1730492806164 0.8423333168029785 398
1730493214121 0.8420833349227905 399
1730493622335 0.8414999842643738 400
1730494030030 0.8443333506584167 401
1730494438046 0.840416669845581 402
1730494846679 0.8460833430290222 403
1730495251843 0.8472499847412109 404
1730495656935 0.844083309173584 405
1730496063531 0.8419166803359985 406
1730496470237 0.8431666493415833 407
1730496876751 0.8510000109672546 408
1730497283255 0.8481666445732117 409
1730497689892 0.8426666855812073 410
1730498096494 0.8457499742507935 411
1730498503269 0.8513333201408386 412
1730498912029 0.8482499718666077 413
1730499324188 0.8423333168029785 414
1730499729694 0.847083330154419 415
1730500134910 0.8443333506584167 416
1730500542348 0.8504999876022339 417
1730500949297 0.8443333506584167 418
1730501355736 0.8495833277702332 419
1730501762343 0.843500018119812 420
1730502168817 0.8514999747276306 421
1730502575044 0.8455833196640015 422
1730502981613 0.8462499976158142 423
1730503388097 0.8482499718666077 424
1730503794338 0.8464999794960022 425
1730504200786 0.8449166417121887 426
1730504606994 0.843916654586792 427
1730505013271 0.8498333096504211 428
1730505421483 0.8485000133514404 429
1730505829761 0.8522499799728394 430
1730506243692 0.8489999771118164 431
1730506657772 0.8476666808128357 432
1730507071655 0.8487499952316284 433
1730507486249 0.8495833277702332 434
1730507900588 0.8464166522026062 435
1730508314492 0.8542500138282776 436
1730508723183 0.8460000157356262 437
1730509132309 0.8476666808128357 438
1730509540149 0.8533333539962769 439
1730509947734 0.8482499718666077 440
1730510355115 0.8475000262260437 441
1730510762711 0.8504999876022339 442
1730511173855 0.8457499742507935 443
1730511604293 0.8490833044052124 444
1730512033714 0.8488333225250244 445
1730512463069 0.8472499847412109 446
1730512892405 0.8448333144187927 447
1730513320514 0.8420833349227905 448
1730513751175 0.8497499823570251 449
1730514181006 0.8549166917800903 450
1730514611760 0.8496666550636292 451
1730515041693 0.8498333096504211 452
1730515471961 0.8501666784286499 453
1730515887327 0.8475833535194397 454
1730516294553 0.8482499718666077 455
1730516700909 0.8518333435058594 456
1730517108916 0.8491666913032532 457
1730517515775 0.8523333072662354 458
1730517923596 0.8514166474342346 459
1730518331499 0.8464999794960022 460
1730518738659 0.8493333458900452 461
1730519145813 0.846750020980835 462
1730519553170 0.8511666655540466 463
1730519960479 0.8533333539962769 464
1730520367823 0.8476666808128357 465
1730520774874 0.8457499742507935 466
1730521183917 0.8488333225250244 467
1730521592439 0.8517500162124634 468
1730522000086 0.8548333048820496 469
1730522407115 0.8482499718666077 470
1730522814627 0.8534166812896729 471
1730523221622 0.846750020980835 472
1730523628800 0.8489999771118164 473
1730524036360 0.8508333563804626 474
1730524443171 0.8458333611488342 475
1730524849736 0.8473333120346069 476
1730525257857 0.8505833148956299 477
1730525664264 0.8500833511352539 478
1730526071440 0.8503333330154419 479
1730526478607 0.8579166531562805 480
1730526885711 0.8423333168029785 481
1730527292817 0.8474166393280029 482
1730527700231 0.8460000157356262 483
1730528109529 0.8536666631698608 484
1730528514945 0.8472499847412109 485
1730528919829 0.8503333330154419 486
1730529324856 0.8489999771118164 487
1730529730551 0.8504166603088379 488
1730530136118 0.8495833277702332 489
1730530541680 0.8496666550636292 490
1730530947324 0.8526666760444641 491
1730531352820 0.8533333539962769 492
1730531758003 0.8580833077430725 493
1730532163746 0.8493333458900452 494
1730532569019 0.8548333048820496 495
1730532974266 0.8480833172798157 496
1730533379792 0.8486666679382324 497
1730533785108 0.8506666421890259 498
1730534190475 0.8523333072662354 499
1730534225839 0.8514999747276306 0
