1730330549322 1.089579463005066 0
1730330957754 0.9233977198600769 1
1730331364817 0.8924077749252319 2
1730331773819 0.8722338080406189 3
1730332180761 0.8504804968833923 4
1730332587522 0.8339830636978149 5
1730332994283 0.8178960084915161 6
1730333400977 0.8038188219070435 7
1730333807733 0.79184889793396 8
1730334214630 0.7813147902488708 9
1730334622160 0.7725442051887512 10
1730335028961 0.7632426023483276 11
1730335435493 0.756142795085907 12
1730335842734 0.7491956353187561 13
1730336249315 0.7436621785163879 14
1730336656054 0.7373632192611694 15
1730337063958 0.7324100136756897 16
1730337470305 0.728864848613739 17
1730337876646 0.7231724262237549 18
1730338284162 0.7179596424102783 19
1730338690352 0.7126621007919312 20
1730339097526 0.7075026035308838 21
1730339510111 0.6998159885406494 22
1730339919130 0.6969223022460938 23
1730340323177 0.6921338438987732 24
1730340727005 0.6834170818328857 25
1730341131070 0.6840319037437439 26
1730341534723 0.6803340315818787 27
1730341938793 0.6741029620170593 28
1730342342622 0.6745845675468445 29
1730342754544 0.6680694818496704 30
1730343166278 0.6641018986701965 31
1730343578285 0.6588749289512634 32
1730343989652 0.6570178270339966 33
1730344401949 0.6545727849006653 34
1730344813926 0.649722695350647 35
1730345226860 0.646432101726532 36
1730345639635 0.6356711983680725 37
1730346048266 0.633328378200531 38
1730346454290 0.6262451410293579 39
1730346860135 0.6160839200019836 40
1730347266907 0.6090669631958008 41
1730347672433 0.6118199229240417 42
1730348079187 0.6020179390907288 43
1730348485765 0.5986089110374451 44
1730348891383 0.5905764698982239 45
1730349297439 0.6001685857772827 46
1730349703422 0.5812100172042847 47
1730350110165 0.5747750401496887 48
1730350515816 0.5698488354682922 49
1730350922452 0.5727901458740234 50
1730351329064 0.5651211142539978 51
1730351734937 0.5611622929573059 52
1730352140858 0.5604708790779114 53
1730352547277 0.5546185970306396 54
1730352953224 0.551675021648407 55
1730353359787 0.552956759929657 56
1730353765995 0.5500303506851196 57
1730354172244 0.542066752910614 58
1730354579361 0.5464614033699036 59
1730354985823 0.5446840524673462 60
1730355391864 0.5425704121589661 61
1730355798273 0.5384498834609985 62
1730356204088 0.5404444336891174 63
1730356610265 0.5342099070549011 64
1730357015777 0.5341914296150208 65
1730357422296 0.53024822473526 66
1730357828781 0.5318624377250671 67
1730358234506 0.5274395942687988 68
1730358640563 0.5285317897796631 69
1730359046624 0.5249579548835754 70
1730359452438 0.5280499458312988 71
1730359858703 0.5274303555488586 72
1730360265169 0.5258558988571167 73
1730360671172 0.5160748362541199 74
1730361077350 0.5216714143753052 75
1730361483276 0.5148372054100037 76
1730361888877 0.5248635411262512 77
1730362296008 0.5125964879989624 78
1730362701619 0.5178590416908264 79
1730363107754 0.5150386691093445 80
1730363512952 0.5121595859527588 81
1730363919168 0.518561065196991 82
1730364325152 0.5100916028022766 83
1730364730600 0.5143144726753235 84
1730365136814 0.5103917121887207 85
1730365543013 0.5142879486083984 86
1730365948777 0.5154955387115479 87
1730366355120 0.5078975558280945 88
1730366761308 0.5135206580162048 89
1730367166984 0.5080582499504089 90
1730367573079 0.5083097219467163 91
1730367979439 0.5074304342269897 92
1730368385199 0.507042646408081 93
1730368790859 0.5068281888961792 94
1730369196659 0.5062987208366394 95
1730369602085 0.49439236521720886 96
1730370008868 0.5047212243080139 97
1730370414186 0.5027145743370056 98
1730370820156 0.4938579201698303 99
1730371226057 0.49791598320007324 100
1730371631574 0.5051814913749695 101
1730372037190 0.504738986492157 102
1730372443312 0.5033559799194336 103
1730372849515 0.49729838967323303 104
1730373254595 0.5008931756019592 105
1730373660476 0.49216219782829285 106
1730374066417 0.49836549162864685 107
1730374472186 0.49192342162132263 108
1730374878551 0.49740031361579895 109
1730375284092 0.5053434371948242 110
1730375689789 0.49970874190330505 111
1730376095597 0.48971542716026306 112
1730376501190 0.499612033367157 113
1730376906641 0.49043184518814087 114
1730377313138 0.49500828981399536 115
1730377718643 0.4834109842777252 116
1730378124593 0.49453532695770264 117
1730378530820 0.4919742941856384 118
1730378937188 0.49373289942741394 119
1730379343030 0.48922160267829895 120
1730379748992 0.49387818574905396 121
1730380155092 0.4849156439304352 122
1730380562174 0.4875333309173584 123
1730380970133 0.4980406165122986 124
1730381379194 0.48811665177345276 125
1730381789779 0.48986291885375977 126
1730382197365 0.49405160546302795 127
1730382604449 0.4896298348903656 128
1730383011367 0.49413272738456726 129
1730383417912 0.48686322569847107 130
1730383824498 0.48340335488319397 131
1730384231488 0.4842718839645386 132
1730384638311 0.4886362850666046 133
1730385045504 0.48320022225379944 134
1730385452597 0.4920848309993744 135
1730385859299 0.4896107316017151 136
1730386266802 0.4858487844467163 137
1730386674594 0.48899194598197937 138
1730387081921 0.49190571904182434 139
1730387489443 0.47927576303482056 140
1730387896901 0.4801267385482788 141
1730388304951 0.48163509368896484 142
1730388712634 0.48392438888549805 143
1730389120325 0.48781850934028625 144
1730389528714 0.48041269183158875 145
1730389936907 0.4798942506313324 146
1730390345541 0.4893486797809601 147
1730390753815 0.48030367493629456 148
1730391162569 0.4833610951900482 149
1730391570680 0.4843941628932953 150
1730391979143 0.48738521337509155 151
1730392387900 0.4768894910812378 152
1730392796235 0.47325360774993896 153
1730393204598 0.4841056764125824 154
1730393613310 0.4820404052734375 155
1730394021544 0.4746943414211273 156
1730394430722 0.48030030727386475 157
1730394841679 0.48259955644607544 158
1730395252033 0.48102521896362305 159
1730395664672 0.4817872643470764 160
1730396074650 0.4793737530708313 161
1730396482659 0.4804703891277313 162
1730396891728 0.4754725694656372 163
1730397300472 0.4717290997505188 164
1730397709607 0.4882622957229614 165
1730398124275 0.4810413420200348 166
1730398535491 0.4775068461894989 167
1730398946819 0.4762082099914551 168
1730399362347 0.47747454047203064 169
1730399778551 0.47282710671424866 170
1730400194579 0.47789180278778076 171
1730400609113 0.4771803319454193 172
1730401022328 0.4661544859409332 173
1730401436446 0.47670385241508484 174
1730401846566 0.4699183404445648 175
1730402255481 0.47219282388687134 176
1730402664460 0.4809487760066986 177
1730403073747 0.47789478302001953 178
1730403480027 0.4740503430366516 179
1730403887147 0.4815199673175812 180
1730404296148 0.47790631651878357 181
1730404703718 0.4732559323310852 182
1730405113084 0.4790644943714142 183
1730405522206 0.47748973965644836 184
1730405931180 0.47400546073913574 185
1730406340192 0.4837477207183838 186
1730406748907 0.46934497356414795 187
1730407157488 0.47902071475982666 188
1730407566420 0.4726925194263458 189
1730407974929 0.4690502882003784 190
1730408383946 0.47992879152297974 191
1730408792161 0.47146448493003845 192
1730409200927 0.47506895661354065 193
1730409609844 0.4707440733909607 194
1730410018500 0.4800696074962616 195
1730410426777 0.4820922911167145 196
1730410838248 0.4780559837818146 197
1730411245626 0.4769864082336426 198
1730411651898 0.47174710035324097 199
1730412060858 0.4757443070411682 200
1730412469658 0.4759294092655182 201
1730412878112 0.47645673155784607 202
1730413286921 0.47894060611724854 203
1730413695187 0.4695793092250824 204
1730414104138 0.47152379155158997 205
1730414517211 0.4704987704753876 206
1730414923880 0.4704342186450958 207
1730415329639 0.4775914251804352 208
1730415735635 0.4649282991886139 209
1730416142630 0.4742797315120697 210
1730416549583 0.47204938530921936 211
1730416956655 0.4740019142627716 212
1730417363738 0.46798619627952576 213
1730417770603 0.4659866988658905 214
1730418177405 0.4699803590774536 215
1730418583851 0.46091559529304504 216
1730418990327 0.4800780117511749 217
1730419396986 0.46896594762802124 218
1730419803487 0.46162301301956177 219
1730420209831 0.4721473753452301 220
1730420616308 0.4769846498966217 221
1730421022759 0.47290393710136414 222
1730421429226 0.477669894695282 223
1730421835901 0.4694637358188629 224
1730422242450 0.473287969827652 225
1730422648871 0.4708887040615082 226
1730423055503 0.47468340396881104 227
1730423461849 0.4702150523662567 228
1730423868212 0.4641777276992798 229
1730424274988 0.47258350253105164 230
1730424681161 0.4619135856628418 231
1730425087457 0.46977365016937256 232
1730425493980 0.4696939289569855 233
1730425900319 0.47575438022613525 234
1730426306636 0.47207707166671753 235
1730426718205 0.46934500336647034 236
1730427127773 0.46820101141929626 237
1730427534910 0.47964534163475037 238
1730427944501 0.4634118378162384 239
1730428352612 0.46797114610671997 240
1730428760363 0.4708271920681 241
1730429168144 0.4704774022102356 242
1730429575941 0.4668406546115875 243
1730429985050 0.47260111570358276 244
1730430393550 0.4740745425224304 245
1730430802573 0.46647611260414124 246
1730431210005 0.47009485960006714 247
1730431617486 0.4581039547920227 248
1730432025453 0.4720812141895294 249
1730432436701 0.4711340665817261 250
1730432844756 0.4732073247432709 251
1730433250870 0.4754865765571594 252
1730433658998 0.47526898980140686 253
1730434066442 0.46404874324798584 254
1730434474231 0.4728262424468994 255
1730434881912 0.46931102871894836 256
1730435289007 0.4671880602836609 257
1730435696706 0.47103580832481384 258
1730436104240 0.4697278141975403 259
1730436511365 0.4749390780925751 260
1730436919091 0.4699379801750183 261
1730437326367 0.4741794764995575 262
1730437733708 0.4686151444911957 263
1730438141803 0.4764380156993866 264
1730438549139 0.4695488214492798 265
1730438956451 0.45670071244239807 266
1730439363332 0.47137215733528137 267
1730439770671 0.4716821014881134 268
1730440177791 0.4742545485496521 269
1730440585187 0.46679964661598206 270
1730440992773 0.4781220555305481 271
1730441399713 0.468923419713974 272
1730441806546 0.47855496406555176 273
1730442213663 0.4705059826374054 274
1730442620846 0.46917590498924255 275
1730443027697 0.4738733768463135 276
1730443434999 0.47491255402565 277
1730443842116 0.4680023491382599 278
1730444249383 0.4729274809360504 279
1730444656719 0.48040953278541565 280
1730445063830 0.46674853563308716 281
1730445471076 0.4675631821155548 282
1730445878058 0.4696964919567108 283
1730446284488 0.46764037013053894 284
1730446691830 0.47232311964035034 285
1730447098838 0.4659011662006378 286
1730447505783 0.476502388715744 287
1730447912324 0.4797535538673401 288
1730448319506 0.4730706810951233 289
1730448726008 0.47707971930503845 290
1730449132685 0.4725014567375183 291
1730449539300 0.4684903025627136 292
1730449946155 0.47334346175193787 293
1730450353370 0.46675094962120056 294
1730450759966 0.47239962220191956 295
1730451166594 0.46375638246536255 296
1730451572771 0.46373307704925537 297
1730451980050 0.46693119406700134 298
1730452386732 0.4686569273471832 299
1730452793067 0.4676327407360077 300
1730453199892 0.46143415570259094 301
1730453606542 0.46201974153518677 302
1730454013625 0.48327794671058655 303
1730454419944 0.4643917977809906 304
1730454826651 0.4757486879825592 305
1730455233462 0.46307840943336487 306
1730455639730 0.4695287346839905 307
1730456046114 0.46904227137565613 308
1730456452721 0.46385228633880615 309
1730456859766 0.47219526767730713 310
1730457266336 0.4697001874446869 311
1730457673357 0.4759458899497986 312
1730458079983 0.47087910771369934 313
1730458485707 0.47172293066978455 314
1730458892059 0.4661906361579895 315
1730459298723 0.4753258526325226 316
1730459705086 0.47673091292381287 317
1730460111482 0.48062145709991455 318
1730460518019 0.4705750346183777 319
1730460924647 0.46510806679725647 320
1730461331729 0.4625554084777832 321
1730461738302 0.47382351756095886 322
1730462144555 0.4666295647621155 323
1730462551310 0.47112181782722473 324
1730462958432 0.4752661883831024 325
1730463365157 0.4655073583126068 326
1730463772073 0.4631335437297821 327
1730464178534 0.4808780252933502 328
1730464585059 0.4719294011592865 329
1730464991694 0.46650171279907227 330
1730465398075 0.46575915813446045 331
1730465804797 0.4672759473323822 332
1730466211711 0.4705066382884979 333
1730466617827 0.46938610076904297 334
1730467025829 0.4674604833126068 335
1730467435379 0.46119266748428345 336
1730467846760 0.4634849727153778 337
1730468255718 0.46096304059028625 338
1730468662008 0.46451497077941895 339
1730469067306 0.4642724096775055 340
1730469477279 0.4674348831176758 341
1730469884294 0.46798014640808105 342
1730470292357 0.4631480276584625 343
1730470700729 0.4641255736351013 344
1730471108022 0.46915966272354126 345
1730471516043 0.4650612473487854 346
1730471923520 0.4754350483417511 347
1730472330955 0.4660317897796631 348
1730472738778 0.46426594257354736 349
1730473146825 0.4765070676803589 350
1730473554542 0.4661772549152374 351
1730473962788 0.46146175265312195 352
1730474371816 0.4631801247596741 353
1730474784992 0.46538281440734863 354
1730475199247 0.4640063941478729 355
1730475612944 0.4678586721420288 356
1730476026883 0.4631998836994171 357
1730476441079 0.4750131368637085 358
1730476855481 0.46291765570640564 359
1730477264502 0.4743714928627014 360
1730477673214 0.4669192433357239 361
1730478082078 0.4635717272758484 362
1730478490243 0.4729645252227783 363
1730478899028 0.4631352126598358 364
1730479306996 0.4591006338596344 365
1730479715951 0.466538667678833 366
1730480124126 0.4735121726989746 367
1730480531809 0.4692694842815399 368
1730480942406 0.4676796495914459 369
1730481351944 0.46458226442337036 370
1730481765648 0.46133166551589966 371
1730482175907 0.4627246558666229 372
1730482584616 0.475360631942749 373
1730482992105 0.47110462188720703 374
1730483401463 0.46449583768844604 375
1730483809134 0.467681348323822 376
1730484217212 0.4788290560245514 377
1730484625663 0.4646017253398895 378
1730485033459 0.467416912317276 379
1730485442315 0.46844908595085144 380
1730485850098 0.46061059832572937 381
1730486258505 0.45591631531715393 382
1730486667528 0.4629634916782379 383
1730487080180 0.4669491648674011 384
1730487494537 0.4628414809703827 385
1730487907808 0.46393561363220215 386
1730488315918 0.45954203605651855 387
1730488725117 0.45845091342926025 388
1730489133386 0.4729292392730713 389
1730489541796 0.46133553981781006 390
1730489949562 0.45391491055488586 391
1730490358192 0.4712422788143158 392
1730490765808 0.4599144756793976 393
1730491173648 0.4559357464313507 394
1730491582396 0.46424126625061035 395
1730491990213 0.46679452061653137 396
1730492397942 0.4670000672340393 397
1730492806164 0.4631119668483734 398
1730493214121 0.465916246175766 399
1730493622335 0.4635266065597534 400
1730494030030 0.4649677276611328 401
1730494438046 0.4675931930541992 402
1730494846679 0.4610651433467865 403
1730495251843 0.4680141508579254 404
1730495656935 0.4678044319152832 405
1730496063531 0.47248730063438416 406
1730496470237 0.46479809284210205 407
1730496876751 0.4587119221687317 408
1730497283255 0.4641440510749817 409
1730497689892 0.4668065309524536 410
1730498096494 0.46085572242736816 411
1730498503269 0.459012895822525 412
1730498912029 0.4649476706981659 413
1730499324188 0.4691503047943115 414
1730499729694 0.46366170048713684 415
1730500134910 0.4664929211139679 416
1730500542348 0.46197953820228577 417
1730500949297 0.46945494413375854 418
1730501355736 0.46171629428863525 419
1730501762343 0.4658232033252716 420
1730502168817 0.4535858929157257 421
1730502575044 0.47104910016059875 422
1730502981613 0.46323370933532715 423
1730503388097 0.4665483832359314 424
1730503794338 0.46606743335723877 425
1730504200786 0.4691968858242035 426
1730504606994 0.4686118960380554 427
1730505013271 0.46222737431526184 428
1730505421483 0.4592764973640442 429
1730505829761 0.45380064845085144 430
1730506243692 0.45830392837524414 431
1730506657772 0.45792192220687866 432
1730507071655 0.46884268522262573 433
1730507486249 0.4681769907474518 434
1730507900588 0.46803760528564453 435
1730508314492 0.45361706614494324 436
1730508723183 0.4658617079257965 437
1730509132309 0.4683876037597656 438
1730509540149 0.4596826136112213 439
1730509947734 0.4654400646686554 440
1730510355115 0.4629303812980652 441
1730510762711 0.46449023485183716 442
1730511173855 0.4684782028198242 443
1730511604293 0.4636651575565338 444
1730512033714 0.4591301679611206 445
1730512463069 0.46423107385635376 446
1730512892405 0.46473363041877747 447
1730513320514 0.4646947979927063 448
1730513751175 0.4661652147769928 449
1730514181006 0.4547401964664459 450
1730514611760 0.4600558280944824 451
1730515041693 0.46212488412857056 452
1730515471961 0.4603786766529083 453
1730515887327 0.4631710350513458 454
1730516294553 0.46032026410102844 455
1730516700909 0.46435290575027466 456
1730517108916 0.4601454734802246 457
1730517515775 0.46197155117988586 458
1730517923596 0.46650826930999756 459
1730518331499 0.46884846687316895 460
1730518738659 0.4689544141292572 461
1730519145813 0.46909892559051514 462
1730519553170 0.464600533246994 463
1730519960479 0.4540204405784607 464
1730520367823 0.4693131148815155 465
1730520774874 0.4680997431278229 466
1730521183917 0.46613630652427673 467
1730521592439 0.4607882499694824 468
1730522000086 0.4572985768318176 469
1730522407115 0.46464067697525024 470
1730522814627 0.4564240574836731 471
1730523221622 0.4655492305755615 472
1730523628800 0.4677979052066803 473
1730524036360 0.4657217562198639 474
1730524443171 0.4714048206806183 475
1730524849736 0.47094282507896423 476
1730525257857 0.46610885858535767 477
1730525664264 0.46249163150787354 478
1730526071440 0.46118277311325073 479
1730526478607 0.4562734067440033 480
1730526885711 0.4728541672229767 481
1730527292817 0.46381986141204834 482
1730527700231 0.47665324807167053 483
1730528109529 0.46141040325164795 484
1730528514945 0.470245361328125 485
1730528919829 0.4655396342277527 486
1730529324856 0.46575480699539185 487
1730529730551 0.4607907235622406 488
1730530136118 0.46024826169013977 489
1730530541680 0.461771696805954 490
1730530947324 0.4622058570384979 491
1730531352820 0.4617951512336731 492
1730531758003 0.45108529925346375 493
1730532163746 0.46371379494667053 494
1730532569019 0.4568924605846405 495
1730532974266 0.460968554019928 496
1730533379792 0.4653747081756592 497
1730533785108 0.4620243012905121 498
1730534190475 0.4570551812648773 499
1730534225839 0.46200650930404663 0
