1733849363434 0.5074166655540466 0
1733849483315 0.4963333308696747 1
1733849588616 0.49966666102409363 2
1733849687413 0.49933332204818726 3
1733849785964 0.5014166831970215 4
1733849884486 0.4983333349227905 5
1733849983133 0.5039166808128357 6
1733850083172 0.4950000047683716 7
1733850182521 0.503083348274231 8
1733850280938 0.500166654586792 9
1733850379780 0.4949166774749756 10
1733850478308 0.4997499883174896 11
1733850577418 0.4964999854564667 12
1733850675800 0.4984999895095825 13
1733850774922 0.49683332443237305 14
1733850874770 0.5010833144187927 15
1733850975399 0.49908334016799927 16
1733851075906 0.4960833191871643 17
1733851177383 0.5019166469573975 18
1733851278155 0.5025833249092102 19
1733851380095 0.49008333683013916 20
1733851481375 0.502916693687439 21
1733851584173 0.4910833239555359 22
1733851687361 0.49399998784065247 23
1733851790520 0.4963333308696747 24
1733851891737 0.49924999475479126 25
1733851993249 0.4949166774749756 26
1733852093670 0.5038333535194397 27
1733852194733 0.492333322763443 28
1733852295843 0.49291667342185974 29
1733852397250 0.5018333196640015 30
1733852498815 0.5038333535194397 31
1733852602204 0.5041666626930237 32
1733852704871 0.5027499794960022 33
1733852806634 0.49683332443237305 34
1733852908539 0.49941667914390564 35
1733853011474 0.5104166865348816 36
1733853114380 0.49808332324028015 37
1733853216394 0.4957500100135803 38
1733853315828 0.5009999871253967 39
1733853415028 0.5035833120346069 40
1733853514116 0.5071666836738586 41
1733853613188 0.5070833563804626 42
1733853712306 0.5076666474342346 43
1733853811642 0.49908334016799927 44
1733853910967 0.5009999871253967 45
1733854010319 0.4997499883174896 46
1733854109544 0.49541667103767395 47
1733854208837 0.49775001406669617 48
1733854308016 0.500333309173584 49
1733854407265 0.500166654586792 50
1733854506308 0.5013333559036255 51
1733854605756 0.5014166831970215 52
1733854704719 0.5066666603088379 53
1733854804181 0.5006666779518127 54
1733854903112 0.49924999475479126 55
1733855002341 0.49958333373069763 56
1733855101302 0.5082499980926514 57
1733855201249 0.5073333382606506 58
1733855300568 0.515500009059906 59
1733855400188 0.5241666436195374 60
1733855499559 0.5272499918937683 61
1733855599226 0.5350833535194397 62
1733855698753 0.5355833172798157 63
1733855798043 0.5425000190734863 64
1733855897647 0.5462499856948853 65
1733855996780 0.5441666841506958 66
1733856096522 0.5526666641235352 67
1733856195625 0.5476666688919067 68
1733856295254 0.5602499842643738 69
1733856394327 0.5555833578109741 70
1733856494041 0.5615833401679993 71
1733856593784 0.5597500205039978 72
1733856693872 0.5666666626930237 73
1733856792975 0.5715000033378601 74
1733856892110 0.5725833177566528 75
1733856991244 0.5757499933242798 76
1733857090644 0.565416693687439 77
1733857189841 0.5709166526794434 78
1733857289116 0.5725833177566528 79
1733857388033 0.5747500061988831 80
1733857487265 0.5803333520889282 81
1733857586869 0.5838333368301392 82
1733857686725 0.5851666927337646 83
1733857785969 0.590416669845581 84
1733857885791 0.5943333506584167 85
1733857985455 0.6004166603088379 86
1733858084776 0.6029166579246521 87
1733858184064 0.6019999980926514 88
1733858283379 0.6039999723434448 89
1733858382857 0.6105833053588867 90
1733858481926 0.6158333420753479 91
1733858581199 0.606416642665863 92
1733858680332 0.612416684627533 93
1733858780059 0.6133333444595337 94
1733858879192 0.6116666793823242 95
1733858978777 0.6178333163261414 96
1733859078470 0.6146666407585144 97
1733859178196 0.6238333582878113 98
1733859277501 0.6212499737739563 99
1733859377368 0.6226666569709778 100
1733859476314 0.6232500076293945 101
1733859575860 0.6225000023841858 102
1733859674857 0.6274999976158142 103
1733859774556 0.625083327293396 104
1733859873704 0.625249981880188 105
1733859972897 0.6305000185966492 106
1733860072046 0.6292499899864197 107
1733860171053 0.628333330154419 108
1733860270186 0.6311666369438171 109
1733860369084 0.6347500085830688 110
1733860468389 0.6292499899864197 111
1733860567520 0.6351666450500488 112
1733860666997 0.6292499899864197 113
1733860766425 0.6355000138282776 114
1733860865965 0.6335833072662354 115
1733860965237 0.6286666393280029 116
1733861064760 0.6323333382606506 117
1733861163862 0.640583336353302 118
1733861263308 0.6316666603088379 119
1733861362375 0.627916693687439 120
1733861461914 0.628083348274231 121
1733861561058 0.6290833353996277 122
1733861660489 0.6290000081062317 123
1733861759670 0.6324999928474426 124
1733861858928 0.6330833435058594 125
1733861957970 0.6343333125114441 126
1733862056915 0.6343333125114441 127
1733862156173 0.6379166841506958 128
1733862255229 0.6360833048820496 129
1733862354660 0.637666642665863 130
1733862453826 0.6299999952316284 131
1733862553410 0.6303333044052124 132
1733862652513 0.6349166631698608 133
1733862752177 0.6307500004768372 134
1733862851388 0.6345000267028809 135
1733862951086 0.6318333148956299 136
1733863050125 0.6323333382606506 137
1733863149900 0.6359166502952576 138
1733863249033 0.6357499957084656 139
1733863348369 0.6356666684150696 140
1733863447578 0.6309999823570251 141
1733863546899 0.6344166398048401 142
1733863646300 0.6363333463668823 143
1733863745545 0.6320000290870667 144
1733863845025 0.6268333196640015 145
1733863944237 0.6324999928474426 146
1733864043668 0.6165000200271606 147
1733864143020 0.6244999766349792 148
1733864242529 0.6234166622161865 149
1733864341709 0.6261666417121887 150
1733864441063 0.6285833120346069 151
1733864540151 0.6205000281333923 152
1733864639550 0.6108333468437195 153
1733864738635 0.6184166669845581 154
1733864838096 0.6176666617393494 155
1733864937070 0.6240000128746033 156
1733865036485 0.6221666932106018 157
1733865135523 0.6209999918937683 158
1733865235098 0.6222500205039978 159
1733865334278 0.6233333349227905 160
1733865433926 0.6026666760444641 161
1733865533151 0.6146666407585144 162
1733865632677 0.6209166646003723 163
1733865731923 0.6229166388511658 164
1733865831215 0.6322500109672546 165
1733865930257 0.621833324432373 166
1733866029377 0.6210833191871643 167
1733866128729 0.6189166903495789 168
1733866228075 0.609083354473114 169
1733866327384 0.6199166774749756 170
1733866426612 0.6181666851043701 171
1733866526088 0.6151666641235352 172
1733866625362 0.6207500100135803 173
1733866724792 0.6201666593551636 174
1733866823814 0.6229166388511658 175
1733866923214 0.6261666417121887 176
1733867022347 0.6240833401679993 177
1733867121886 0.5989166498184204 178
1733867221036 0.5864166617393494 179
1733867320511 0.6046666502952576 180
1733867419519 0.6163333058357239 181
1733867518966 0.6235833168029785 182
1733867617959 0.6199166774749756 183
1733867717060 0.6238333582878113 184
1733867816083 0.6190000176429749 185
1733867915386 0.6118333339691162 186
1733868014378 0.6143333315849304 187
1733868113573 0.6112499833106995 188
1733868212687 0.6206666827201843 189
1733868311931 0.6185833215713501 190
1733868411236 0.6241666674613953 191
1733868510479 0.6215833425521851 192
1733868609832 0.6210833191871643 193
1733868709105 0.6209999918937683 194
1733868808705 0.6228333115577698 195
1733868908055 0.6169999837875366 196
1733869007452 0.6173333525657654 197
1733869106506 0.621749997138977 198
1733869205780 0.6233333349227905 199
1733869304663 0.6297500133514404 200
1733869403999 0.6228333115577698 201
1733869502866 0.6263333559036255 202
1733869602123 0.6259999871253967 203
1733869700790 0.6343333125114441 204
1733869799973 0.6272500157356262 205
1733869899076 0.6288333535194397 206
1733869998527 0.6288333535194397 207
1733870097649 0.6226666569709778 208
1733870197099 0.6285833120346069 209
1733870296160 0.628166675567627 210
1733870395701 0.6324166655540466 211
1733870494803 0.6215833425521851 212
1733870594141 0.6343333125114441 213
1733870693167 0.6301666498184204 214
1733870792458 0.6198333501815796 215
1733870891735 0.6294999718666077 216
1733870990791 0.6312500238418579 217
1733871090049 0.6349999904632568 218
1733871189041 0.6440833210945129 219
1733871288283 0.6333333253860474 220
1733871387400 0.6380833387374878 221
1733871486643 0.6299999952316284 222
1733871585589 0.6291666626930237 223
1733871684847 0.6382499933242798 224
1733871783915 0.6359166502952576 225
1733871883313 0.6042500138282776 226
1733871982398 0.637333333492279 227
1733872081688 0.640500009059906 228
1733872180650 0.6327499747276306 229
1733872280019 0.6357499957084656 230
1733872378964 0.6340833306312561 231
1733872478300 0.6339166760444641 232
1733872577368 0.6398333311080933 233
1733872676752 0.6414999961853027 234
1733872775944 0.6340000033378601 235
1733872875231 0.6369166374206543 236
1733872974488 0.6430000066757202 237
1733873073635 0.6413333415985107 238
1733873172878 0.6430000066757202 239
1733873271698 0.6414166688919067 240
1733873370705 0.637666642665863 241
1733873470005 0.6364166736602783 242
1733873569248 0.6355000138282776 243
1733873668506 0.6443333625793457 244
1733873767796 0.6370000243186951 245
1733873866873 0.640916645526886 246
1733873966134 0.6381666660308838 247
1733874065162 0.6355833411216736 248
1733874164609 0.64041668176651 249
1733874175203 0.6892499923706055 0
