1733849363434 0.7321681976318359 0
1733849483315 0.7113925218582153 1
1733849588616 0.7085493206977844 2
1733849687413 0.7067196369171143 3
1733849785964 0.7043058276176453 4
1733849884486 0.7029485702514648 5
1733849983133 0.7030067443847656 6
1733850083172 0.7028142809867859 7
1733850182521 0.702642023563385 8
1733850280938 0.7015151977539062 9
1733850379780 0.700082004070282 10
1733850478308 0.7001467943191528 11
1733850577418 0.7015659213066101 12
1733850675800 0.7018283605575562 13
1733850774922 0.7024149298667908 14
1733850874770 0.7013790607452393 15
1733850975399 0.7017807364463806 16
1733851075906 0.7029585242271423 17
1733851177383 0.7024751901626587 18
1733851278155 0.7019853591918945 19
1733851380095 0.700369656085968 20
1733851481375 0.6979541182518005 21
1733851584173 0.7008079290390015 22
1733851687361 0.7015085220336914 23
1733851790520 0.7019012570381165 24
1733851891737 0.7023941874504089 25
1733851993249 0.7028414011001587 26
1733852093670 0.7038160562515259 27
1733852194733 0.7039133310317993 28
1733852295843 0.7037386894226074 29
1733852397250 0.7046577334403992 30
1733852498815 0.7042067646980286 31
1733852602204 0.7041318416595459 32
1733852704871 0.7043346166610718 33
1733852806634 0.7039435505867004 34
1733852908539 0.7030591368675232 35
1733853011474 0.7026638984680176 36
1733853114380 0.7028635144233704 37
1733853216394 0.7022016644477844 38
1733853315828 0.7022439241409302 39
1733853415028 0.7018394470214844 40
1733853514116 0.7018769383430481 41
1733853613188 0.7014752626419067 42
1733853712306 0.7015171051025391 43
1733853811642 0.7013372182846069 44
1733853910967 0.7005663514137268 45
1733854010319 0.7006258964538574 46
1733854109544 0.6998039484024048 47
1733854208837 0.6987293362617493 48
1733854308016 0.697553813457489 49
1733854407265 0.6970614194869995 50
1733854506308 0.6965951919555664 51
1733854605756 0.695504367351532 52
1733854704719 0.6955217123031616 53
1733854804181 0.695253849029541 54
1733854903112 0.6951913237571716 55
1733855002341 0.6953318119049072 56
1733855101302 0.6947464346885681 57
1733855201249 0.6944170594215393 58
1733855300568 0.694473385810852 59
1733855400188 0.6941501498222351 60
1733855499559 0.693487286567688 61
1733855599226 0.6922802925109863 62
1733855698753 0.6913147568702698 63
1733855798043 0.6909934878349304 64
1733855897647 0.690181314945221 65
1733855996780 0.690351128578186 66
1733856096522 0.6896311640739441 67
1733856195625 0.6901056170463562 68
1733856295254 0.6885347366333008 69
1733856394327 0.6882631778717041 70
1733856494041 0.6861275434494019 71
1733856593784 0.6848734021186829 72
1733856693872 0.6822958588600159 73
1733856792975 0.680955171585083 74
1733856892110 0.6799595952033997 75
1733856991244 0.6791059374809265 76
1733857090644 0.680075466632843 77
1733857189841 0.6784630417823792 78
1733857289116 0.6759225130081177 79
1733857388033 0.6785889863967896 80
1733857487265 0.6702061891555786 81
1733857586869 0.6699338555335999 82
1733857686725 0.6683400273323059 83
1733857785969 0.6635417342185974 84
1733857885791 0.6596224308013916 85
1733857985455 0.6567816734313965 86
1733858084776 0.6529735326766968 87
1733858184064 0.650338351726532 88
1733858283379 0.6503666043281555 89
1733858382857 0.6442822217941284 90
1733858481926 0.6412082314491272 91
1733858581199 0.6423502564430237 92
1733858680332 0.6372195482254028 93
1733858780059 0.6368447542190552 94
1733858879192 0.6365077495574951 95
1733858978777 0.6354446411132812 96
1733859078470 0.6365370750427246 97
1733859178196 0.6311689615249634 98
1733859277501 0.6303203105926514 99
1733859377368 0.6276692152023315 100
1733859476314 0.6263477206230164 101
1733859575860 0.6289181113243103 102
1733859674857 0.6271011829376221 103
1733859774556 0.6277693510055542 104
1733859873704 0.6259753704071045 105
1733859972897 0.6243067979812622 106
1733860072046 0.6240583658218384 107
1733860171053 0.6235218644142151 108
1733860270186 0.6222761273384094 109
1733860369084 0.6202266216278076 110
1733860468389 0.6235052943229675 111
1733860567520 0.618765652179718 112
1733860666997 0.6269878149032593 113
1733860766425 0.6195117831230164 114
1733860865965 0.6214901804924011 115
1733860965237 0.6213597059249878 116
1733861064760 0.6222791075706482 117
1733861163862 0.6200371384620667 118
1733861263308 0.6211420893669128 119
1733861362375 0.6197246313095093 120
1733861461914 0.6252172589302063 121
1733861561058 0.6241534352302551 122
1733861660489 0.6229547262191772 123
1733861759670 0.624480128288269 124
1733861858928 0.6199958324432373 125
1733861957970 0.6160311102867126 126
1733862056915 0.6174014210700989 127
1733862156173 0.6162871718406677 128
1733862255229 0.6171470880508423 129
1733862354660 0.617588460445404 130
1733862453826 0.6194424629211426 131
1733862553410 0.6234585642814636 132
1733862652513 0.6211568117141724 133
1733862752177 0.6232806444168091 134
1733862851388 0.6219545602798462 135
1733862951086 0.619330883026123 136
1733863050125 0.6209633350372314 137
1733863149900 0.6182056665420532 138
1733863249033 0.6198524832725525 139
1733863348369 0.6193798184394836 140
1733863447578 0.6201232075691223 141
1733863546899 0.6199778914451599 142
1733863646300 0.6196891665458679 143
1733863745545 0.6221360564231873 144
1733863845025 0.6250264644622803 145
1733863944237 0.6201890707015991 146
1733864043668 0.635718584060669 147
1733864143020 0.6290305256843567 148
1733864242529 0.6252828240394592 149
1733864341709 0.6258877515792847 150
1733864441063 0.6303898692131042 151
1733864540151 0.6305388808250427 152
1733864639550 0.6501196622848511 153
1733864738635 0.6436148881912231 154
1733864838096 0.6338226199150085 155
1733864937070 0.6333598494529724 156
1733865036485 0.6392125487327576 157
1733865135523 0.6372942328453064 158
1733865235098 0.6365350484848022 159
1733865334278 0.6385828852653503 160
1733865433926 0.6654855012893677 161
1733865533151 0.6536017060279846 162
1733865632677 0.6454988718032837 163
1733865731923 0.6400587558746338 164
1733865831215 0.6310595273971558 165
1733865930257 0.6373024582862854 166
1733866029377 0.6364694237709045 167
1733866128729 0.6362836956977844 168
1733866228075 0.6570830941200256 169
1733866327384 0.6451010704040527 170
1733866426612 0.6410898566246033 171
1733866526088 0.6463367938995361 172
1733866625362 0.6402715444564819 173
1733866724792 0.636892557144165 174
1733866823814 0.6435749530792236 175
1733866923214 0.6432337164878845 176
1733867022347 0.6409558653831482 177
1733867121886 0.670520007610321 178
1733867221036 0.6830244064331055 179
1733867320511 0.6580861210823059 180
1733867419519 0.6430156826972961 181
1733867518966 0.6392862200737 182
1733867617959 0.6391000747680664 183
1733867717060 0.6401481628417969 184
1733867816083 0.6454110741615295 185
1733867915386 0.6450134515762329 186
1733868014378 0.6483080983161926 187
1733868113573 0.6577333211898804 188
1733868212687 0.6401324272155762 189
1733868311931 0.6426240801811218 190
1733868411236 0.6415689587593079 191
1733868510479 0.6385411024093628 192
1733868609832 0.6446758508682251 193
1733868709105 0.6423218846321106 194
1733868808705 0.6444664597511292 195
1733868908055 0.6433824300765991 196
1733869007452 0.6502953171730042 197
1733869106506 0.6416997313499451 198
1733869205780 0.642767071723938 199
1733869304663 0.6375448107719421 200
1733869403999 0.6351699829101562 201
1733869502866 0.6381635665893555 202
1733869602123 0.6311230063438416 203
1733869700790 0.6318985819816589 204
1733869799973 0.6345398426055908 205
1733869899076 0.6330620050430298 206
1733869998527 0.6351562738418579 207
1733870097649 0.6336939930915833 208
1733870197099 0.633698582649231 209
1733870296160 0.6332168579101562 210
1733870395701 0.6298776268959045 211
1733870494803 0.635855495929718 212
1733870594141 0.6268794536590576 213
1733870693167 0.6279425621032715 214
1733870792458 0.6389205455780029 215
1733870891735 0.6357786655426025 216
1733870990791 0.6306071877479553 217
1733871090049 0.6246733069419861 218
1733871189041 0.6175900101661682 219
1733871288283 0.6195986270904541 220
1733871387400 0.6219185590744019 221
1733871486643 0.6244823932647705 222
1733871585589 0.6295115947723389 223
1733871684847 0.6187524199485779 224
1733871783915 0.6220546364784241 225
1733871883313 0.6561451554298401 226
1733871982398 0.621311604976654 227
1733872081688 0.6200918555259705 228
1733872180650 0.6273168325424194 229
1733872280019 0.6235098242759705 230
1733872378964 0.6209908723831177 231
1733872478300 0.6211301684379578 232
1733872577368 0.6206451058387756 233
1733872676752 0.6188921928405762 234
1733872775944 0.6233459115028381 235
1733872875231 0.6197121143341064 236
1733872974488 0.6159648299217224 237
1733873073635 0.6167421340942383 238
1733873172878 0.6175462007522583 239
1733873271698 0.6177557110786438 240
1733873370705 0.6206169724464417 241
1733873470005 0.6161597371101379 242
1733873569248 0.6168704032897949 243
1733873668506 0.6149850487709045 244
1733873767796 0.6170375347137451 245
1733873866873 0.6145911812782288 246
1733873966134 0.6163393259048462 247
1733874065162 0.6155130863189697 248
1733874164609 0.6155927181243896 249
1733874175203 0.5432448387145996 0
