1731251167611 0.5258333086967468 0
1731251561673 0.5544999837875366 1
1731251958702 0.5723333358764648 2
1731252353386 0.5947499871253967 3
1731252747320 0.6013333201408386 4
1731253142011 0.6149166822433472 5
1731253538775 0.6255000233650208 6
1731253935172 0.6289166808128357 7
1731254330961 0.6380833387374878 8
1731254725324 0.6334999799728394 9
1731255120657 0.6499166488647461 10
1731255514190 0.6536666750907898 11
1731255909684 0.6519166827201843 12
1731256306708 0.6596666574478149 13
1731256702411 0.6650000214576721 14
1731257098076 0.6758333444595337 15
1731257496444 0.6710833311080933 16
1731257896045 0.6770833134651184 17
1731258293150 0.6830000281333923 18
1731258688065 0.6891666650772095 19
1731259085081 0.702833354473114 20
1731259483833 0.7054166793823242 21
1731259880755 0.7068333625793457 22
1731260272997 0.7143333554267883 23
1731260665246 0.7195833325386047 24
1731261057633 0.7263333201408386 25
1731261450087 0.7264166474342346 26
1731261842234 0.7413333058357239 27
1731262232341 0.7512500286102295 28
1731262622885 0.7540833353996277 29
1731263016453 0.7494999766349792 30
1731263408584 0.7552499771118164 31
1731263799269 0.7610833048820496 32
1731264189933 0.7640833258628845 33
1731264580504 0.7670833468437195 34
1731264971059 0.7768333554267883 35
1731265361723 0.7774166464805603 36
1731265752349 0.7878333330154419 37
1731266142878 0.7835000157356262 38
1731266533408 0.7836666703224182 39
1731266923969 0.7828333377838135 40
1731267314438 0.7922499775886536 41
1731267704967 0.7910000085830688 42
1731268095760 0.7963333129882812 43
1731268486364 0.7977499961853027 44
1731268876641 0.7973333597183228 45
1731269267016 0.8030833601951599 46
1731269657341 0.8040000200271606 47
1731270047472 0.8056666851043701 48
1731270437881 0.8075833320617676 49
1731270828276 0.8063333630561829 50
1731271218586 0.8033333420753479 51
1731271608779 0.8030833601951599 52
1731271998927 0.812166690826416 53
1731272390645 0.8101666569709778 54
1731272782386 0.8222500085830688 55
1731273174724 0.8193333148956299 56
1731273565713 0.8144166469573975 57
1731273956607 0.8134999871253967 58
1731274347424 0.8200833201408386 59
1731274738006 0.8100833296775818 60
1731275128927 0.8168333172798157 61
1731275519955 0.8259999752044678 62
1731275910989 0.8175833225250244 63
1731276301721 0.8184999823570251 64
1731276692562 0.8215000033378601 65
1731277083388 0.8243333101272583 66
1731277474266 0.828166663646698 67
1731277865149 0.8242499828338623 68
1731278256011 0.8243333101272583 69
1731278646707 0.8210833072662354 70
1731279037335 0.8308333158493042 71
1731279428173 0.828416645526886 72
1731279818821 0.8290833234786987 73
1731280209653 0.8307499885559082 74
1731280600519 0.8361666798591614 75
1731280991352 0.8328333497047424 76
1731281382073 0.8409166932106018 77
1731281772925 0.8345000147819519 78
1731282163687 0.8335833549499512 79
1731282554268 0.8304166793823242 80
1731282945088 0.8352500200271606 81
1731283336013 0.8340833187103271 82
1731283726516 0.8346666693687439 83
1731284117125 0.8393333554267883 84
1731284509471 0.8450833559036255 85
1731284907796 0.8432499766349792 86
1731285305444 0.8383333086967468 87
1731285696788 0.8420000076293945 88
1731286086794 0.8345000147819519 89
1731286476592 0.8428333401679993 90
1731286866766 0.8414999842643738 91
1731287257804 0.8381666541099548 92
1731287649158 0.8499166369438171 93
1731288045173 0.8432499766349792 94
1731288442055 0.8395000100135803 95
1731288843168 0.8382499814033508 96
1731289242772 0.8464166522026062 97
1731289639953 0.8411666750907898 98
1731290034967 0.843916654586792 99
1731290430087 0.8465833067893982 100
1731290825016 0.8345833420753479 101
1731291219642 0.8464166522026062 102
1731291613821 0.844083309173584 103
1731292007976 0.846750020980835 104
1731292402266 0.8429166674613953 105
1731292796416 0.8455833196640015 106
1731293190814 0.8385833501815796 107
1731293584988 0.8458333611488342 108
1731293979151 0.8489999771118164 109
1731294373045 0.8477500081062317 110
1731294767444 0.8532500267028809 111
1731295161479 0.8458333611488342 112
1731295555545 0.8527500033378601 113
1731295949658 0.8500000238418579 114
1731296344285 0.8416666388511658 115
1731296738396 0.8550833463668823 116
1731297132241 0.8510833382606506 117
1731297526254 0.8496666550636292 118
1731297920632 0.856083333492279 119
1731298315051 0.8527500033378601 120
1731298709181 0.8546666502952576 121
1731299103630 0.8531666398048401 122
1731299497991 0.8523333072662354 123
1731299892216 0.8513333201408386 124
1731300286423 0.8526666760444641 125
1731300681267 0.8510833382606506 126
1731301070635 0.8633333444595337 127
1731301460244 0.8551666736602783 128
1731301849868 0.8662499785423279 129
1731302239641 0.8492500185966492 130
1731302629120 0.8554166555404663 131
1731303021421 0.8556666374206543 132
1731303412069 0.8580833077430725 133
1731303802882 0.8550833463668823 134
1731304193857 0.8651666641235352 135
1731304584211 0.8544999957084656 136
1731304974957 0.856333315372467 137
1731305365109 0.8602499961853027 138
1731305755324 0.8605833053588867 139
1731306146065 0.8602499961853027 140
1731306536589 0.8602499961853027 141
1731306927056 0.8586666584014893 142
1731307317456 0.8601666688919067 143
1731307707939 0.8669166564941406 144
1731308098218 0.856083333492279 145
1731308488564 0.859666645526886 146
1731308879133 0.8613333106040955 147
1731309269272 0.8611666560173035 148
1731309659824 0.8570833206176758 149
1731310050124 0.8543333411216736 150
1731310441027 0.8621666431427002 151
1731310831110 0.8604166507720947 152
1731311221568 0.8582500219345093 153
1731311611656 0.8647500276565552 154
1731312001901 0.8635833263397217 155
1731312392160 0.859499990940094 156
1731312783031 0.8598333597183228 157
1731313173436 0.8650833368301392 158
1731313563854 0.8635833263397217 159
1731313954030 0.8648333549499512 160
1731314344420 0.8678333163261414 161
1731314734863 0.8676666617393494 162
1731315125570 0.862416684627533 163
1731315515770 0.8671666383743286 164
1731315905893 0.8660833239555359 165
1731316296229 0.8691666722297668 166
1731316686937 0.8671666383743286 167
1731317077116 0.8715000152587891 168
1731317467272 0.8699166774749756 169
1731317857448 0.8604166507720947 170
1731318247707 0.8644999861717224 171
1731318638294 0.8660833239555359 172
1731319028449 0.8539999723434448 173
1731319419316 0.8620833158493042 174
1731319809292 0.8684999942779541 175
1731320199475 0.8702499866485596 176
1731320590127 0.8705000281333923 177
1731320980316 0.8659166693687439 178
1731321370957 0.8644166588783264 179
1731321761012 0.8722500205039978 180
1731322152434 0.8605833053588867 181
1731322542623 0.8705833554267883 182
1731322932902 0.8695833086967468 183
1731323323153 0.8686666488647461 184
1731323713473 0.8665000200271606 185
1731324103974 0.8658333420753479 186
1731324494656 0.8667500019073486 187
1731324884839 0.8671666383743286 188
1731325275086 0.8705833554267883 189
1731325665552 0.8692499995231628 190
1731326055780 0.8691666722297668 191
1731326446069 0.8656666874885559 192
1731326836192 0.8683333396911621 193
1731327226345 0.8583333492279053 194
1731327616671 0.8669166564941406 195
1731328006667 0.8690000176429749 196
1731328396970 0.8794999718666077 197
1731328787228 0.8646666407585144 198
1731329177616 0.8709999918937683 199
1731329567898 0.8691666722297668 200
1731329957962 0.8690000176429749 201
1731330348020 0.8670833110809326 202
1731330737737 0.874916672706604 203
1731331128855 0.875 204
1731331520131 0.8744999766349792 205
1731331911758 0.8679166436195374 206
1731332308209 0.8765000104904175 207
