1731251167611 0.9559290409088135 0
1731251561673 0.9091688394546509 1
1731251958702 0.8851821422576904 2
1731252353386 0.8660127520561218 3
1731252747320 0.8440414071083069 4
1731253142011 0.8210026025772095 5
1731253538775 0.8030280470848083 6
1731253935172 0.7860956788063049 7
1731254330961 0.7752052545547485 8
1731254725324 0.7601741552352905 9
1731255120657 0.74422287940979 10
1731255514190 0.7307898998260498 11
1731255909684 0.7192179560661316 12
1731256306708 0.70840984582901 13
1731256702411 0.6986556649208069 14
1731257098076 0.6786420345306396 15
1731257496444 0.6762664914131165 16
1731257896045 0.6619710922241211 17
1731258293150 0.6510210037231445 18
1731258688065 0.6407808661460876 19
1731259085081 0.6314418911933899 20
1731259483833 0.6203287243843079 21
1731259880755 0.6124632358551025 22
1731260272997 0.602171003818512 23
1731260665246 0.5979787707328796 24
1731261057633 0.5851633548736572 25
1731261450087 0.5808878540992737 26
1731261842234 0.5605973601341248 27
1731262232341 0.5499077439308167 28
1731262622885 0.5427724719047546 29
1731263016453 0.54848712682724 30
1731263408584 0.5386288166046143 31
1731263799269 0.5285679697990417 32
1731264189933 0.5266859531402588 33
1731264580504 0.518436849117279 34
1731264971059 0.5102190375328064 35
1731265361723 0.5046420097351074 36
1731265752349 0.49747103452682495 37
1731266142878 0.49463149905204773 38
1731266533408 0.4959378242492676 39
1731266923969 0.4955712854862213 40
1731267314438 0.48133552074432373 41
1731267704967 0.4826219379901886 42
1731268095760 0.47517359256744385 43
1731268486364 0.4740631878376007 44
1731268876641 0.473400354385376 45
1731269267016 0.4666966199874878 46
1731269657341 0.4653823673725128 47
1731270047472 0.4646031856536865 48
1731270437881 0.46142247319221497 49
1731270828276 0.4622819423675537 50
1731271218586 0.46642041206359863 51
1731271608779 0.4750918745994568 52
1731271998927 0.4574144184589386 53
1731272390645 0.4540172517299652 54
1731272782386 0.44657254219055176 55
1731273174724 0.4433954954147339 56
1731273565713 0.4441441297531128 57
1731273956607 0.45761698484420776 58
1731274347424 0.4461304545402527 59
1731274738006 0.46375566720962524 60
1731275128927 0.45803818106651306 61
1731275519955 0.4342213273048401 62
1731275910989 0.45287251472473145 63
1731276301721 0.4515713155269623 64
1731276692562 0.45066288113594055 65
1731277083388 0.4402371346950531 66
1731277474266 0.4327053129673004 67
1731277865149 0.4355281591415405 68
1731278256011 0.44200605154037476 69
1731278646707 0.451019287109375 70
1731279037335 0.43462055921554565 71
1731279428173 0.43244868516921997 72
1731279818821 0.43542343378067017 73
1731280209653 0.4410000443458557 74
1731280600519 0.4275733232498169 75
1731280991352 0.4312671720981598 76
1731281382073 0.42084231972694397 77
1731281772925 0.433645635843277 78
1731282163687 0.4338226020336151 79
1731282554268 0.4375142753124237 80
1731282945088 0.43520230054855347 81
1731283336013 0.4354756772518158 82
1731283726516 0.4297350347042084 83
1731284117125 0.4312787652015686 84
1731284509471 0.4236065745353699 85
1731284907796 0.4227270185947418 86
1731285305444 0.4252176880836487 87
1731285696788 0.4244871437549591 88
1731286086794 0.43884944915771484 89
1731286476592 0.41953662037849426 90
1731286866766 0.42833802103996277 91
1731287257804 0.42680713534355164 92
1731287649158 0.4116804897785187 93
1731288045173 0.4251231551170349 94
1731288442055 0.4342425465583801 95
1731288843168 0.4397982060909271 96
1731289242772 0.41955333948135376 97
1731289639953 0.42946529388427734 98
1731290034967 0.4205213189125061 99
1731290430087 0.42073652148246765 100
1731290825016 0.43489450216293335 101
1731291219642 0.4206921458244324 102
1731291613821 0.44013842940330505 103
1731292007976 0.42719441652297974 104
1731292402266 0.4220050573348999 105
1731292796416 0.42735230922698975 106
1731293190814 0.4393778145313263 107
1731293584988 0.42323046922683716 108
1731293979151 0.42091867327690125 109
1731294373045 0.42317232489585876 110
1731294767444 0.41938748955726624 111
1731295161479 0.427391916513443 112
1731295555545 0.4177878797054291 113
1731295949658 0.4282503128051758 114
1731296344285 0.4343879818916321 115
1731296738396 0.420157253742218 116
1731297132241 0.4192274212837219 117
1731297526254 0.42412883043289185 118
1731297920632 0.41225236654281616 119
1731298315051 0.4192958474159241 120
1731298709181 0.42132025957107544 121
1731299103630 0.4145488142967224 122
1731299497991 0.42465803027153015 123
1731299892216 0.41712987422943115 124
1731300286423 0.4169466495513916 125
1731300681267 0.4285353720188141 126
1731301070635 0.3962024748325348 127
1731301460244 0.4125525653362274 128
1731301849868 0.39996591210365295 129
1731302239641 0.4292728304862976 130
1731302629120 0.41969430446624756 131
1731303021421 0.4117918312549591 132
1731303412069 0.4118613302707672 133
1731303802882 0.4141179323196411 134
1731304193857 0.40304145216941833 135
1731304584211 0.4158335328102112 136
1731304974957 0.40847456455230713 137
1731305365109 0.40970832109451294 138
1731305755324 0.4108782112598419 139
1731306146065 0.40964579582214355 140
1731306536589 0.41365328431129456 141
1731306927056 0.4137692153453827 142
1731307317456 0.4080279469490051 143
1731307707939 0.3993358612060547 144
1731308098218 0.41853880882263184 145
1731308488564 0.4091668426990509 146
1731308879133 0.4066625237464905 147
1731309269272 0.40505170822143555 148
1731309659824 0.41482165455818176 149
1731310050124 0.4241572320461273 150
1731310441027 0.4049014449119568 151
1731310831110 0.4086703658103943 152
1731311221568 0.4141867756843567 153
1731311611656 0.4055732488632202 154
1731312001901 0.40621960163116455 155
1731312392160 0.4072919189929962 156
1731312783031 0.41052746772766113 157
1731313173436 0.39531826972961426 158
1731313563854 0.40480920672416687 159
1731313954030 0.4101904034614563 160
1731314344420 0.39638859033584595 161
1731314734863 0.39652881026268005 162
1731315125570 0.40184614062309265 163
1731315515770 0.39985987544059753 164
1731315905893 0.4025600850582123 165
1731316296229 0.39665520191192627 166
1731316686937 0.3933444023132324 167
1731317077116 0.39168524742126465 168
1731317467272 0.39564165472984314 169
1731317857448 0.41992342472076416 170
1731318247707 0.40212520956993103 171
1731318638294 0.4012055993080139 172
1731319028449 0.43381693959236145 173
1731319419316 0.41188085079193115 174
1731319809292 0.408673495054245 175
1731320199475 0.4001171886920929 176
1731320590127 0.40147021412849426 177
1731320980316 0.4054200053215027 178
1731321370957 0.40881800651550293 179
1731321761012 0.3964211344718933 180
1731322152434 0.40483394265174866 181
1731322542623 0.3970540761947632 182
1731322932902 0.40394917130470276 183
1731323323153 0.39847347140312195 184
1731323713473 0.40309658646583557 185
1731324103974 0.4054517447948456 186
1731324494656 0.4082176983356476 187
1731324884839 0.40264537930488586 188
1731325275086 0.4033079743385315 189
1731325665552 0.39971041679382324 190
1731326055780 0.40016117691993713 191
1731326446069 0.40487533807754517 192
1731326836192 0.3947031795978546 193
1731327226345 0.4301944077014923 194
1731327616671 0.4072490334510803 195
1731328006667 0.4023330807685852 196
1731328396970 0.3911248445510864 197
1731328787228 0.40962353348731995 198
1731329177616 0.39937320351600647 199
1731329567898 0.40954720973968506 200
1731329957962 0.40017396211624146 201
1731330348020 0.4126092791557312 202
1731330737737 0.3915152847766876 203
1731331128855 0.3921380341053009 204
1731331520131 0.38969141244888306 205
1731331911758 0.40217047929763794 206
1731332308209 0.39032498002052307 207
