1730534677884 0.49900001287460327 0
1730535118385 0.5050833225250244 1
1730535558651 0.5479166507720947 2
1730535998631 0.5537499785423279 3
1730536439174 0.5732499957084656 4
1730536879630 0.5860833525657654 5
1730537319984 0.594083309173584 6
1730537760730 0.593999981880188 7
1730538201374 0.6035833358764648 8
1730538641731 0.6041666865348816 9
1730539081729 0.6086666584014893 10
1730539522483 0.6177499890327454 11
1730539962842 0.6214166879653931 12
1730540403283 0.6234166622161865 13
1730540843566 0.6207500100135803 14
1730541283705 0.6300833225250244 15
1730541724120 0.6366666555404663 16
1730542164519 0.643750011920929 17
1730542604818 0.6434166431427002 18
1730543045306 0.6551666855812073 19
1730543485705 0.6495000123977661 20
1730543926944 0.6535833477973938 21
1730544367636 0.6551666855812073 22
1730544808327 0.6516666412353516 23
1730545249190 0.6581666469573975 24
1730545689334 0.6605833172798157 25
1730546129430 0.6617500185966492 26
1730546569843 0.6642500162124634 27
1730547009858 0.6610833406448364 28
1730547450478 0.6673333048820496 29
1730547890814 0.6698333621025085 30
1730548330981 0.6775000095367432 31
1730548771268 0.6799166798591614 32
1730549211343 0.6804166436195374 33
