1730534677884 0.9441661238670349 0
1730535118385 0.9139449596405029 1
1730535558651 0.883607804775238 2
1730535998631 0.8578468561172485 3
1730536439174 0.8342589735984802 4
1730536879630 0.8107337951660156 5
1730537319984 0.7888594269752502 6
1730537760730 0.7701379656791687 7
1730538201374 0.7516874074935913 8
1730538641731 0.7374454140663147 9
1730539081729 0.7248185276985168 10
1730539522483 0.7102653980255127 11
1730539962842 0.6993589401245117 12
1730540403283 0.6912980079650879 13
1730540843566 0.6858940720558167 14
1730541283705 0.6713194847106934 15
1730541724120 0.6671621799468994 16
1730542164519 0.655364990234375 17
1730542604818 0.6516683101654053 18
1730543045306 0.6409734487533569 19
1730543485705 0.6394867897033691 20
1730543926944 0.6364718675613403 21
1730544367636 0.6279340386390686 22
1730544808327 0.6294626593589783 23
1730545249190 0.6228407621383667 24
1730545689334 0.6182547211647034 25
1730546129430 0.6159990429878235 26
1730546569843 0.6134405136108398 27
1730547009858 0.6127009987831116 28
1730547450478 0.607176661491394 29
1730547890814 0.6007531881332397 30
1730548330981 0.596437394618988 31
1730548771268 0.597668468952179 32
1730549211343 0.600274920463562 33
